800	99.3926973171539
797	99.3991575439641
794	99.4136816739346
791	99.3944575955404
788	99.3894189071668
785	99.3801041308977
782	99.3764486725084
779	99.3826604500564
776	99.3863604559289
773	99.3675500280947
770	99.3970788889275
767	99.3748953440827
764	99.3691730345757
761	99.362033063653
758	99.3591465638428
755	99.3571709098891
752	99.3404213341166
749	99.3416029470764
746	99.3179366707472
743	99.3159955600181
740	99.2904389179583
737	99.2818901413653
734	99.267153630134
731	99.2562311394131
728	99.2488625845255
725	99.2359125880815
722	99.2496730316046
719	99.2420229290382
716	99.2413663866188
713	99.2182566595444
710	99.2262327828188
707	99.2135987359664
704	99.2186017957268
701	99.2593119582137
698	99.2656220100908
695	99.2601129349381
692	99.2643421706545
689	99.2394847894948
686	99.2444860075307
683	99.2217838877514
680	99.2197023164672
677	99.2201623846159
674	99.1996533620847
671	99.2002185853286
668	99.1821526014859
665	99.1769671384083
662	99.1695703407089
659	99.1644458773086
656	99.1580836899575
653	99.143601685798
650	99.1424405287632
647	99.1269504234217
644	99.1180177845337
641	99.1189482642807
638	99.1139174951663
635	99.0974109128093
632	99.08961180285
629	99.0910351437465
626	99.0794677254261
623	99.0664415071878
620	99.0589489546532
617	99.0536027808263
614	99.0442132775142
611	99.0240668822323
608	99.0242451168574
605	99.0058356617364
602	98.9999536767557
599	98.988330733269
596	98.9780350452907
593	98.9623491813815
590	98.9418884187471
587	98.9241918425944
584	98.9097824421332
581	98.8982109680739
578	98.8835327535167
575	98.8648406657796
572	98.8517345577558
569	98.8432524327285
566	98.8331266848007
563	98.8133566004176
560	98.7973819328016
557	98.7921083229003
554	98.7731256158094
551	98.7619456001071
548	98.7324625672887
545	98.7107536305515
542	98.6847104862057
539	98.6557498405896
536	98.6262324262645
533	98.6087221750135
530	98.5848812745201
527	98.5554144112078
524	98.5289499111571
521	98.5166997405615
518	98.4992147987689
515	98.4714010673041
512	98.454102928541
509	98.4263274920522
506	98.400687904389
503	98.3780408253349
500	98.3539992849455
497	98.3204075001643
494	98.2899236608417
491	98.2537011329918
488	98.2051405296467
485	98.1590626524197
482	98.1324343378675
479	98.1080661591705
476	98.0499969991724
473	98.0237232730024
470	97.9619839840507
467	97.9423567299304
464	97.9050745254895
461	97.8659398091266
458	97.8279518654121
455	97.7790228855807
452	97.7253088194119
449	97.6655148451703
446	97.6077261759549
443	97.5194728223252
440	97.4498484237851
437	97.3930825709169
434	97.3282651567548
431	97.262832025194
428	97.1955105399328
425	97.108018858097
422	97.0201424558227
419	96.9228421040232
416	96.824740785192
413	96.7168648286416
410	96.6032932260675
407	96.4775378040645
404	96.3459802046727
401	96.2105022051121
398	96.0696363388512
395	95.940080380391
392	95.7882759188094
389	95.6183780808143
386	95.449165331586
383	95.2679493829335
380	95.0817876535884
377	94.8929089846506
374	94.6922888809827
371	94.4737594899704
368	94.2587722933481
365	94.0346398277336
362	93.8066269850367
359	93.5673861408312
356	93.3253432554625
353	93.082346769845
350	92.8217218478668
347	92.5540834551719
344	92.2837857728477
341	92.0159094432065
338	91.73695412141
335	91.4599390537606
332	91.1794799278166
329	90.8898038322382
326	90.5821770655751
323	90.2661458882282
320	89.9516263373306
317	89.6145137127552
314	89.2634746299898
311	88.9143793813368
308	88.5569034151655
305	88.1759356550601
302	87.7884437149753
299	87.3883458162469
296	86.9643038902197
293	86.5528154054932
290	86.1238627699252
287	85.6651251447136
284	85.2205654767965
281	84.7321086028819
278	84.2343555263333
275	83.7383176161348
272	83.2269594206559
269	82.7432747265745
266	82.2806450027335
263	81.8498753727973
260	81.4723163977567
257	81.0922770751105
254	80.7244906913315
251	80.3099055359603
248	79.8458798388558
245	79.5279721600864
242	78.6950961472774
239	77.9992744528879
