800	7.22910118549479E-4
797	7.15682290188512E-4
794	7.21217060931158E-4
791	7.52286507087093E-4
788	7.30707076357183E-4
785	7.9233397990638E-4
782	7.6225262775744E-4
779	8.50227355062837E-4
776	8.63128494139194E-4
773	9.90388449553161E-4
770	9.59514960639535E-4
767	0.00104059228360956
764	0.00105013283819498
761	0.00112906725509691
758	0.00110399438174607
755	0.00113962740827214
752	0.00112391624369206
749	0.00119518984847033
746	0.00116510777847255
743	0.00115909017860617
740	0.00119308446761651
737	0.00118380808838
734	0.00115364062983558
731	0.0011864902230965
728	0.00122837051715876
725	0.00125052847279332
722	0.00128285550022889
719	0.00130818525089823
716	0.00133451517020986
713	0.00137132025396766
710	0.0014169166879419
707	0.00149293424899725
704	0.00152043195849019
701	0.00152453834859595
698	0.00157263097913345
695	0.00156356251466363
692	0.00161022821797448
689	0.00156891711099549
686	0.00161008351872282
683	0.00161227485539813
680	0.00168645044761746
677	0.00174515994647454
674	0.00179506621831548
671	0.00184331168367215
668	0.00192387682306193
665	0.00203623612718739
662	0.00209451557477747
659	0.002189094114313
656	0.00219139791279117
653	0.00231171725613643
650	0.00226889263629771
647	0.00234134128403998
644	0.0023002929173296
641	0.00238839515089574
638	0.00238824131114646
635	0.00258046731410233
632	0.00261402998893555
629	0.00277974360084995
626	0.0028893431094856
623	0.00302302118621911
620	0.00312720355922506
617	0.00329060729649148
614	0.00332404311499671
611	0.00345260800522263
608	0.0035215260608867
605	0.0036099614535638
602	0.00357082364058855
599	0.00369791637713737
596	0.00377536607943013
593	0.00386883731129118
590	0.00392923252267249
587	0.00418275186942795
584	0.00437600193314128
581	0.00450255260083311
578	0.0046573003867203
575	0.00475635405625193
572	0.00488727318823246
569	0.00502323588693894
566	0.00511897571452737
563	0.00529542845571771
560	0.00545206873164919
557	0.0056730899885919
554	0.00586555958659654
551	0.0060676081221496
548	0.00630454411242841
545	0.00650610401173121
542	0.0066635645240614
539	0.00686674204977836
536	0.00703024344595627
533	0.00727914050255516
530	0.00751888620633052
527	0.00779247226161356
524	0.00809039379388564
521	0.00841925050014756
518	0.00878371003610933
515	0.00909625383083974
512	0.00937584125141064
509	0.0096695544572105
506	0.00997198145439263
503	0.0103535639039853
500	0.0106630867350993
497	0.01113630767231
494	0.0117684511712377
491	0.012054433342633
488	0.0125232690529148
485	0.013038751515568
482	0.0134332566152057
479	0.0139194045796257
476	0.0145530222117728
473	0.0151882297832476
470	0.0159236918619749
467	0.0164842112569526
464	0.0171068793662797
461	0.0177961442773342
458	0.018470835885742
455	0.019284526053132
452	0.0201930770177799
449	0.0211185889091056
446	0.0221293223886892
443	0.023192035698098
440	0.0242548036257351
437	0.0253573792087156
434	0.0266121472342084
431	0.0279409780943762
428	0.0293192359243594
425	0.030762509805439
422	0.0322285546712782
419	0.0338222899089295
416	0.0354960653476615
413	0.0374805320446189
410	0.039468064506521
407	0.0416979384117865
404	0.043914911285912
401	0.0462921197080594
398	0.0489160218412469
395	0.0515798487159947
392	0.0545160095944514
389	0.0575499714737939
386	0.0607499235057037
383	0.0642224417805551
380	0.0678212415489947
377	0.0716002983259203
374	0.0754750108479175
371	0.0797151292362515
368	0.0839979530015883
365	0.0885549197721863
362	0.0932390418584993
359	0.0980097994937145
356	0.102893611309596
353	0.108081458564204
350	0.113323337335937
347	0.118565887825949
344	0.123995502801376
341	0.12953771181339
338	0.13515271087926
335	0.140873374854224
332	0.146697797612862
329	0.152781507725017
326	0.1590172339623
323	0.165507042804539
320	0.172199787884673
317	0.179206240968525
314	0.186449376369458
311	0.19397540479486
308	0.201525617801888
305	0.209677470446215
302	0.217892905994941
299	0.226453852139418
296	0.235371345419869
293	0.244336360288218
290	0.253771293969228
287	0.263764312997641
284	0.27401688662905
281	0.284929942903415
278	0.296592812693608
275	0.30844616271322
272	0.32080343180982
269	0.332920736434896
266	0.344560079099338
263	0.355646690157068
260	0.365778969173616
257	0.374535922936561
254	0.384042697772456
251	0.393491494671248
248	0.40404648928799
245	0.415856181076364
242	0.431075836623584
239	0.446975324947717
