800	0.00426433111589765
797	0.00436629542090914
794	0.00433837034113947
791	0.00442728055452429
788	0.00442919735685192
785	0.00443334179136134
782	0.00442658415066763
779	0.00447954418366476
776	0.00447129096730804
773	0.00457573302957219
770	0.00443226752072951
767	0.0045831111865675
764	0.00465984972818765
761	0.00471762418390472
758	0.0046777733201107
755	0.00477622063442005
752	0.00483819092513917
749	0.00486896315214112
746	0.00498352068488881
743	0.00505787136835516
740	0.00515804908051078
737	0.00511246669897959
734	0.00523887047899236
731	0.00521500216960943
728	0.00526773376048668
725	0.00527371399334381
722	0.00526961357122637
719	0.00533369522325747
716	0.00537080078566614
713	0.00543882289190791
710	0.00543087068344836
707	0.00547582809399024
704	0.00539354004828308
701	0.00559553637179889
698	0.00557340032740302
695	0.00574129451876856
692	0.00580647425445905
689	0.0059191263763827
686	0.0060334912915149
683	0.00615095318611775
680	0.00612190701670264
677	0.00621588558140741
674	0.00625337357135975
671	0.00629583717865901
668	0.00633653795334827
665	0.00636574296901823
662	0.00642639891545693
659	0.00646536891138048
656	0.00655564093687186
653	0.00663972327219246
650	0.00678102649331049
647	0.0068336906644816
644	0.00700015394325279
641	0.00706246466619278
638	0.00720267069308736
635	0.00725902468961173
632	0.00734558516825045
629	0.00741181302746113
626	0.0074694620736813
623	0.00754071302351512
620	0.00760942183148202
617	0.00775995241604152
614	0.00782494551484842
611	0.00799729357910326
608	0.00812272288748818
605	0.00834255107560756
602	0.00848404985669237
599	0.00865882605100058
596	0.00881849775843201
593	0.00894815781961863
590	0.00903738263755212
587	0.00910956920084502
584	0.00925549929446043
581	0.00931211783594442
578	0.00949044993633021
575	0.00962937963542964
572	0.00983409554365164
569	0.0100161168344504
566	0.0102680240226228
563	0.0104372058691506
560	0.0105967873439407
557	0.0107376052632436
554	0.0108858825405778
551	0.0110292403710067
548	0.0111675927949689
545	0.0113232878629164
542	0.0115856161168278
539	0.011853137662286
536	0.0120548471024746
533	0.0123307890983274
530	0.012527613490952
527	0.0126890068929668
524	0.0128524260769968
521	0.0129559144980663
518	0.0131435472205789
515	0.0133476575103539
512	0.0135956650716321
509	0.013837004060746
506	0.0141398316402081
503	0.0143950843656202
500	0.0145682897330943
497	0.0147779062274282
494	0.0151412998958471
491	0.0151424431768166
488	0.0153666287386102
485	0.0156737454146037
482	0.0159217381595098
479	0.0161888676608134
476	0.0163960694156122
473	0.0165712229787341
470	0.0167785650622936
467	0.0170155692642585
464	0.0172788213770727
461	0.0176323118469305
458	0.0179578994272488
455	0.0182967440869247
452	0.018563503144564
449	0.0188311366085979
446	0.0191256469016362
443	0.0194896764901432
440	0.0198921663957952
437	0.0202436890496583
434	0.0206102890629495
431	0.0208520352784151
428	0.0211086414229568
425	0.0214126483494005
422	0.021758389276019
419	0.0221446782307729
416	0.0224900131829806
413	0.0227912832043023
410	0.0230777652455116
407	0.0233439638586999
404	0.0237463320752663
401	0.0241459062882261
398	0.024499252220025
395	0.0247654398268462
392	0.0250686162362382
389	0.0254270551422755
386	0.0258051954610444
383	0.0260928001689328
380	0.0263064823669703
377	0.0265436494277982
374	0.0268195586050052
371	0.0271244510856964
368	0.0273722551941499
365	0.0275629581574771
362	0.0277881538188124
359	0.0280708327693877
356	0.0283377202362218
353	0.0285212475353718
350	0.028740405168936
347	0.029012679826601
344	0.0293207277640046
341	0.0295729092874173
338	0.0298211218219403
335	0.030155192189197
332	0.0304849029180433
329	0.0307842384276132
326	0.0310943474640129
323	0.0315273327288657
320	0.0319388727970183
317	0.0324216262111944
314	0.032926366874131
311	0.0334852685903665
308	0.0340493061793925
305	0.034690212050665
302	0.0354317927790869
299	0.0361714299869278
296	0.0369938297913299
293	0.0378608710606174
290	0.0385649969312938
287	0.0395238014396226
284	0.0404782221632142
281	0.0414196329491657
278	0.0425006054552433
275	0.043414878250485
272	0.0443082544644299
269	0.0452511978062719
266	0.046192189802543
263	0.0471223380560394
260	0.048143909125771
257	0.0491443178096187
254	0.0503164954123968
251	0.0516515677455627
248	0.0531111139000661
245	0.0547174993145577
242	0.056151590565818
239	0.0574838323245828
