"TOA5","5_Bradford_LB","CR800","34503","CR800.Std.32.05","CPU:5_1hr_02082024.CR8","11368","Test"
"TIMESTAMP","RECORD","BattV_Min","CO2High","CO2Low","cDOM","CO2"
"TS","RN","Volts","ppm","ppm","ppbQ","ppm"
"","","Min","Smp","Smp","Smp","Smp"
"2024-02-12 11:00:00",96,14.09,4274.438,3600,12.93588,1316.974
"2024-02-12 12:00:00",97,13.58,4258.691,3604.5,12.75486,1314.11
"2024-02-12 13:00:00",98,14.14,4300.738,3626.626,12.7747,1320
"2024-02-12 14:00:00",99,14.18,4324.545,3645.813,12.6725,1322.701
"2024-02-12 15:00:00",100,13.59,4344.729,3657.794,12.67249,1317.018
"2024-02-12 16:00:00",101,13.59,4354.602,3679.346,12.63587,1288.344
"2024-02-12 17:00:00",102,12.97,4422.153,3709.431,12.57245,1291.286
"2024-02-12 18:00:00",103,12.94,4313.806,3675.868,12.451,1294.285
"2024-02-12 19:00:00",104,12.91,4269.446,3690.614,12.43259,1408.831
"2024-02-12 20:00:00",105,12.89,4540.017,3690.592,12.27987,1483.273
"2024-02-12 21:00:00",106,12.88,4688.742,3659.775,12.22396,1597.751
"2024-02-12 22:00:00",107,12.86,4747.597,3657.442,12.15988,1669.39
"2024-02-12 23:00:00",108,12.85,4757.616,3660.302,12.10495,1786.79
"2024-02-13 00:00:00",109,12.82,4750.668,3644.511,11.9764,1869.913
"2024-02-13 01:00:00",110,12.8,4676.787,3609.362,11.9931,1941.74
"2024-02-13 02:00:00",111,12.79,4595.159,3567.626,11.9473,2021.927
"2024-02-13 03:00:00",112,12.77,4639.607,3575.853,11.83747,2093.551
"2024-02-13 04:00:00",113,12.75,4523.627,3523.491,11.97475,2165.155
"2024-02-13 05:00:00",114,12.72,4532.219,3523.491,11.91984,2202.386
"2024-02-13 06:00:00",115,12.69,4497.851,3516.126,11.90154,2285.441
"2024-02-13 07:00:00",116,12.68,4447.732,3498.943,11.88323,2348.448
"2024-02-13 08:00:00",117,12.94,4377.565,3478.486,12.02967,2377.088
"2024-02-13 09:00:00",118,13.39,4320.286,3467.03,12.08458,2428.639
"2024-02-13 10:00:00",119,13.87,4220.042,3445.342,12.17589,2465.868
"2024-02-13 11:00:00",120,14.27,4152.729,3440.423,12.16694,2503.093
"2024-02-13 12:00:00",121,13.72,4106.422,3455.155,12.31338,2565.798
"2024-02-13 13:00:00",122,13.61,4117.362,3489.901,12.22159,2596.973
"2024-02-13 14:00:00",123,13.57,4125.731,3519.981,12.1756,2639.781
"2024-02-13 15:00:00",124,13.66,4076.35,3500.969,12.08653,2668.885
"2024-02-13 16:00:00",125,13.71,4023.85,3491.565,12.11411,2680.658
"2024-02-13 17:00:00",126,13.68,4039.617,3502.625,12.04088,2706.443
"2024-02-13 18:00:00",127,12.97,4046.777,3495.26,12.13241,2766.586
"2024-02-13 19:00:00",128,12.91,4055.369,3476.849,12.06834,2800.954
"2024-02-13 20:00:00",129,12.89,4028.161,3438.39,12.06834,2829.594
"2024-02-13 21:00:00",130,12.87,4062.529,3418.343,12.07749,2852.505
"2024-02-13 22:00:00",131,12.85,4054.049,3414.346,12.05003,2869.769
"2024-02-13 23:00:00",132,12.84,4024.467,3388.982,12.02257,2904.49
"2024-02-14 00:00:00",133,12.81,3989.208,3350.158,12.00426,2902.024
"2024-02-14 01:00:00",134,12.79,3942.154,3322.51,12.08651,2933.696
"2024-02-14 02:00:00",135,12.77,3926.397,3313.096,12.10495,2979.535
"2024-02-14 03:00:00",136,12.73,3906.343,3298.362,12.18734,3028.239
"2024-02-14 04:00:00",137,12.71,3818.962,3243.11,12.17818,3051.159
"2024-02-14 05:00:00",138,12.67,3798.907,3238.608,12.14157,3071.213
"2024-02-14 06:00:00",139,12.64,3791.745,3221.418,12.2331,3105.593
"2024-02-14 07:00:00",140,12.6,3745.906,3195.634,12.24306,3145.702
"2024-02-14 08:00:00",141,14.52,3712.959,3173.124,12.28997,3142.837
"2024-02-14 09:00:00",142,13.47,3653.979,3134.438,12.43307,3202.782
"2024-02-14 10:00:00",143,13.62,3703.595,3182.281,12.46689,3258.362
"2024-02-14 11:00:00",144,13.6,3666.053,3182.414,12.48514,3323.927
"2024-02-14 12:00:00",145,14.19,3734.953,3254.561,12.33048,3324.094
"2024-02-14 13:00:00",146,14.12,3761.963,3298.16,12.50344,3352.556
"2024-02-14 14:00:00",147,13.48,3816.36,3346.422,12.32957,3355.419
"2024-02-14 15:00:00",148,13.59,3811.347,3369.956,12.32599,3364.638
"2024-02-14 16:00:00",149,13.61,3804.627,3369.976,12.20816,3409.266
"2024-02-14 17:00:00",150,13.71,3837.58,3384.307,12.18605,3426.462
"2024-02-14 18:00:00",151,13.02,3783.15,3343.383,12.17556,3415.006
"2024-02-14 19:00:00",152,12.94,3764.528,3330.286,12.14664,3415.006
"2024-02-14 20:00:00",153,12.91,3753.069,3313.096,12.18827,3440.79
"2024-02-14 21:00:00",154,12.87,3725.852,3286.903,12.12203,3460.845
"2024-02-14 22:00:00",155,12.85,3741.609,3274.215,12.23444,3440.79
"2024-02-14 23:00:00",156,12.84,3770.258,3274.624,12.22639,3460.845
"2024-02-15 00:00:00",157,12.81,3738.744,3233.287,12.2057,3500.954
"2024-02-15 01:00:00",158,12.8,3747.339,3224.283,12.22396,3523.874
"2024-02-15 02:00:00",159,12.77,3755.933,3232.469,12.23311,3549.658
"2024-02-15 03:00:00",160,12.74,3735.879,3207.503,12.20565,3586.902
"2024-02-15 04:00:00",161,12.73,3731.582,3193.997,12.24226,3632.741
"2024-02-15 05:00:00",162,12.7,3753.069,3212.823,12.26048,3661.39
"2024-02-15 06:00:00",163,12.66,3733.014,3209.549,12.26056,3687.175
"2024-02-15 07:00:00",164,12.63,3695.77,3178.444,12.20509,3727.284
"2024-02-15 08:00:00",165,12.65,3694.337,3178.035,12.16876,3733.014
"2024-02-15 09:00:00",166,13.32,3718.689,3203.41,12.27791,3755.933
"2024-02-15 10:00:00",167,13.48,3686.208,3187.021,12.34085,3774.998
"2024-02-15 11:00:00",168,13.7,3733.175,3233.823,12.22186,3817.662
"2024-02-15 12:00:00",169,14.3,3736.039,3253.87,12.34999,3817.662
"2024-02-15 13:00:00",170,14.14,3819.27,3323.559,12.293,3836.448
"2024-02-15 14:00:00",171,13.56,3863.599,3359.101,12.16546,3842.127
"2024-02-15 15:00:00",172,13.61,3801.231,3351.874,12.12258,3848.478
"2024-02-15 16:00:00",173,13.62,3811.578,3370.569,12.13268,3883.17
"2024-02-15 17:00:00",174,13.61,3837.702,3385.197,12.04494,3866.341
"2024-02-15 18:00:00",175,13.01,3854.892,3366.791,12.05622,3849.164
"2024-02-15 19:00:00",176,12.94,3910.753,3388.487,12.02165,3874.953
"2024-02-15 20:00:00",177,12.91,3862.053,3355.746,12.04566,3863.485
"2024-02-15 21:00:00",178,12.88,3830.549,3332.425,11.97034,3866.349
"2024-02-15 22:00:00",179,12.86,3837.709,3318.923,11.98597,3863.485
"2024-02-15 23:00:00",180,12.85,3827.686,3305.013,11.96765,3863.485
"2024-02-16 00:00:00",181,12.83,3817.662,3293.966,12.02058,3860.621
"2024-02-16 01:00:00",182,12.81,3849.196,3291.129,11.88323,3869.244
"2024-02-16 02:00:00",183,12.78,3877.214,3299.592,11.96611,3872.917
"2024-02-16 03:00:00",184,12.75,3861.475,3273.415,11.98392,3895.85
"2024-02-16 04:00:00",185,12.74,3844.605,3251.176,9.0466,3924.821
"2024-02-16 05:00:00",186,12.7,3884.828,3268.053,12.21353,3939.262
"2024-02-16 06:00:00",187,12.68,3827.423,3228.672,12.1404,3970.665
"2024-02-16 07:00:00",188,12.64,3870.531,3253.342,12.14902,3985.128
"2024-02-16 08:00:00",189,12.67,3783.15,3218.144,12.21309,4022.373
"2024-02-16 09:00:00",190,12.94,3823.027,3251.098,12.19443,4065.099
"2024-02-16 10:00:00",191,13.33,3797.638,3248.163,12.21271,4101.22
"2024-02-16 11:00:00",192,13.68,3763.246,3251.825,12.25847,4095.466
"2024-02-16 12:00:00",193,14.24,3791.886,3275.146,12.25847,4081.146
"2024-02-16 13:00:00",194,14.21,3831.914,3327.457,12.31255,4112.578
"2024-02-16 14:00:00",195,13.6,3882.356,3369.045,12.19263,4122.856
"2024-02-16 15:00:00",196,13.69,3845.472,3359.522,12.16667,4123.216
"2024-02-16 16:00:00",197,13.46,3915.805,3401.811,12.03923,4114.817
"2024-02-16 17:00:00",198,13.07,3857.595,3374.834,12.00426,4101.022
"2024-02-16 18:00:00",199,12.95,3942.23,3406.057,11.99511,4118.363
"2024-02-16 19:00:00",200,12.93,3873.494,3372.917,11.95849,4081.13
"2024-02-16 20:00:00",201,12.91,3952.267,3395.431,11.95849,4066.825
"2024-02-16 21:00:00",202,12.88,3922.195,3372.11,11.93062,4058.233
"2024-02-16 22:00:00",203,12.86,3900.715,3351.653,11.93823,4052.505
"2024-02-16 23:00:00",204,12.85,3943.675,3365.564,11.84663,4023.865
"2024-02-17 00:00:00",205,12.82,3965.154,3369.655,11.91069,4023.865
"2024-02-17 01:00:00",206,12.8,3937.947,3345.107,11.84662,4038.185
"2024-02-17 02:00:00",207,12.77,3912.171,3327.514,11.80086,4012.41
"2024-02-17 03:00:00",208,12.75,3929.355,3325.877,11.83747,3995.226
"2024-02-17 04:00:00",209,12.73,3975.178,3332.424,11.78256,4021.001
"2024-02-17 05:00:00",210,12.69,3962.29,3343.879,11.76426,4021.001
"2024-02-17 06:00:00",211,12.67,3966.586,3343.061,11.69104,4023.865
"2024-02-17 07:00:00",212,12.65,3962.29,3337.742,11.83747,3992.362
"2024-02-17 08:00:00",213,12.68,3943.675,3331.605,11.78256,3998.09
"2024-02-17 09:00:00",214,13.11,3950.834,3331.196,11.87408,4021.001
"2024-02-17 10:00:00",215,13.43,3926.491,3337.742,11.89239,4032.458
"2024-02-17 11:00:00",216,13.51,3894.987,3325.877,11.89239,4078.281
"2024-02-17 12:00:00",217,13.28,3917.899,3350.835,11.91069,4061.097
"2024-02-17 13:00:00",218,13.42,3970.882,3374.974,11.78256,4072.553
"2024-02-17 14:00:00",219,13.31,3939.379,3351.244,11.80086,4032.458
"2024-02-17 15:00:00",220,13.12,3992.362,3384.793,11.91984,4041.049
"2024-02-17 16:00:00",221,13.08,3998.09,3373.747,11.74595,4035.321
"2024-02-17 17:00:00",222,12.93,3988.066,3372.11,11.74595,4021.001
"2024-02-17 18:00:00",223,12.85,4049.641,3393.385,11.63613,4021.001
"2024-02-17 19:00:00",224,12.79,3993.794,3364.336,11.55376,4009.546
"2024-02-17 20:00:00",225,12.74,4112.648,3393.794,11.49884,4043.913
"2024-02-17 21:00:00",226,12.69,4125.536,3369.246,11.43478,4063.961
"2024-02-17 22:00:00",227,12.67,4172.792,3378.247,11.30665,3705.966
"2024-02-17 23:00:00",228,12.66,4284.486,3391.339,11.16937,3811.932
"2024-02-18 00:00:00",229,12.65,4245.822,3364.745,10.8948,3863.484
"2024-02-18 01:00:00",230,12.66,4258.71,3381.929,10.79413,3726.013
"2024-02-18 02:00:00",231,12.64,4215.751,3367.609,10.72091,3814.796
"2024-02-18 03:00:00",232,12.64,4233.138,3337.903,10.49211,3883.718
"2024-02-18 04:00:00",233,12.64,4236.219,3319.251,10.29078,3926.88
"2024-02-18 05:00:00",234,12.63,4281.241,3310.734,10.25416,3981.883
"2024-02-18 06:00:00",235,12.63,4242.887,3290.928,10.06198,4042.345
"2024-02-18 07:00:00",236,12.62,4185.656,3248.826,10.07207,4105.438
"2024-02-18 08:00:00",237,12.61,4222.918,3259.89,10.09968,4148.43
"2024-02-18 09:00:00",238,12.62,4161.322,3232.878,10.10847,4202.864
"2024-02-18 10:00:00",239,12.7,4093.996,3233.287,10.16411,4248.703
"2024-02-18 11:00:00",240,12.85,4005.183,3206.684,10.25492,4285.947
"2024-02-18 12:00:00",241,13.17,4086.834,3232.469,10.209,4326.056
"2024-02-18 13:00:00",242,13.13,4058.184,3205.866,10.1723,4328.921
"2024-02-18 14:00:00",243,13.1,4049.124,3235.78,10.10772,4359.934
"2024-02-18 15:00:00",244,13.04,4010.18,3219.602,10.06196,4411.198
"2024-02-18 16:00:00",245,12.84,3959.903,3231.346,9.961284,4411.031
"2024-02-18 17:00:00",246,12.71,3920.958,3238.892,9.979588,4476.594
"2024-02-18 18:00:00",247,12.63,3895.245,3218.078,9.970435,4496.717
"2024-02-18 19:00:00",248,12.62,3890.074,3231.225,9.869761,4511.683
"2024-02-18 20:00:00",249,12.62,3858.825,3214.256,9.952131,4526.313
"2024-02-18 21:00:00",250,12.61,3821.823,3199.724,9.879281,4572.437
"2024-02-18 22:00:00",251,12.61,3818.909,3217.281,9.842845,4578.107
"2024-02-18 23:00:00",252,12.6,3753.069,3189.495,9.816351,4592.495
"2024-02-19 00:00:00",253,12.6,3690.04,3169.031,9.816256,4609.685
"2024-02-19 01:00:00",254,12.6,3678.58,3180.49,9.843822,4635.469
"2024-02-19 02:00:00",255,12.59,3667.12,3183.765,9.862299,4658.389
"2024-02-19 03:00:00",256,12.58,3637.039,3176.398,9.853109,4678.443
"2024-02-19 04:00:00",257,12.59,3595.497,3166.575,9.862299,4655.524
"2024-02-19 05:00:00",258,12.58,3572.577,3156.752,9.862299,4692.768
"2024-02-19 06:00:00",259,12.58,3562.55,3146.93,9.944682,4695.633
"2024-02-19 07:00:00",260,12.57,3521.009,3130.149,9.944682,4655.524
"2024-02-19 08:00:00",261,13.44,3452.25,3087.176,10.00876,4641.199
"2024-02-19 09:00:00",262,13.3,3458.717,3110.697,10.07134,4674.638
"2024-02-19 10:00:00",263,13.33,3470.256,3126.666,10.26157,4695.725
"2024-02-19 11:00:00",264,13.28,3478.866,3150.409,10.33475,4758.745
"2024-02-19 12:00:00",265,14.09,3469.027,3162.437,10.38074,4799.083
"2024-02-19 13:00:00",266,14.01,3555.829,3238.038,10.38965,4552.148
"2024-02-19 14:00:00",267,13.5,3552.965,3250.307,10.4354,4678.119
"2024-02-19 15:00:00",268,13.62,3550.32,3274.23,10.34521,4681.269
"2024-02-19 16:00:00",269,13.65,3565.628,3290.279,10.32003,4553.693
"2024-02-19 17:00:00",270,13.58,3564.778,3295.726,10.33188,4732.031
"2024-02-19 18:00:00",271,13.06,3568.28,3295.907,10.31645,4709.958
"2024-02-19 19:00:00",272,13,3571.145,3285.265,10.28838,4675.579
"2024-02-19 20:00:00",273,12.98,3561.118,3269.304,10.35148,4635.469
"2024-02-19 21:00:00",274,12.93,3589.767,3270.531,10.36088,4615.415
"2024-02-19 22:00:00",275,12.91,3505.251,3216.507,10.40263,4583.9
"2024-02-19 23:00:00",276,12.89,3502.386,3205.047,10.46857,4581.036
"2024-02-20 00:00:00",277,12.86,3499.521,3196.043,10.46574,4555.251
"2024-02-20 01:00:00",278,12.86,3475.169,3171.077,10.48775,4529.467
"2024-02-20 02:00:00",279,12.84,3410.708,3129.331,10.56922,4506.547
"2024-02-20 03:00:00",280,12.82,3359.14,3090.45,10.66069,4480.763
"2024-02-20 04:00:00",281,12.81,3372.032,3094.952,10.56895,4454.978
"2024-02-20 05:00:00",282,12.8,3301.841,3046.248,10.71544,4423.464
"2024-02-20 06:00:00",283,12.79,3257.434,3015.143,10.81614,4406.274
"2024-02-20 07:00:00",284,12.77,3227.352,2994.679,10.87109,4383.355
"2024-02-20 08:00:00",285,13.7,3194.451,2975.076,10.95356,4354.767
"2024-02-20 09:00:00",286,13.57,3171.488,2966.85,11.08001,4366.168
"2024-02-20 10:00:00",287,13.92,3197.513,3016.067,11.19546,4158.342
"2024-02-20 11:00:00",288,13.65,3229.595,3046.356,11.1217,4432.104
"2024-02-20 12:00:00",289,14.14,3252.445,3083.115,11.1583,34.35682
"2024-02-20 13:00:00",290,14.31,3309.612,3143.15,11.1949,57.25972
"2024-02-20 14:00:00",291,14.19,3388.344,3215.542,11.11255,57.25972
"2024-02-20 15:00:00",292,13.58,3361.146,3216.769,11.04849,34.35583
"2024-02-20 16:00:00",293,13.6,3390.174,3256.825,11.06868,54.40312
"2024-02-20 17:00:00",294,13.64,3432.357,3279.958,10.9698,4175.533
"2024-02-20 18:00:00",295,13.03,3426.3,3283.47,10.93237,4199.796
"2024-02-20 19:00:00",296,12.97,3403.546,3256.207,10.92043,4391.95
"2024-02-20 20:00:00",297,12.95,3409.276,3246.384,10.91939,4509.412
"2024-02-20 21:00:00",298,12.92,3419.303,3252.933,10.95553,4549.521
"2024-02-20 22:00:00",299,12.9,3390.654,3210.368,10.91936,4492.223
"2024-02-20 23:00:00",300,12.88,3373.464,3189.085,10.96527,4472.168
"2024-02-21 00:00:00",301,12.85,3369.167,3182.128,11.04654,4429.194
"2024-02-21 01:00:00",302,12.82,3356.275,3152.25,11.07009,4397.68
"2024-02-21 02:00:00",303,12.8,3298.976,3115.006,11.06928,4409.139
"2024-02-21 03:00:00",304,12.79,3280.354,3092.496,11.12349,4400.544
"2024-02-21 04:00:00",305,12.78,3286.084,3093.724,11.21,4380.49
"2024-02-21 05:00:00",306,12.76,3218.758,3044.611,11.21013,4357.57
"2024-02-21 06:00:00",307,12.76,3185.811,3023.738,11.20995,4360.436
"2024-02-21 07:00:00",308,12.75,3180.081,3020.873,11.21914,4340.381
"2024-02-21 08:00:00",309,13.64,3162.891,3009.413,11.34723,4320.326
"2024-02-21 09:00:00",310,13.7,3119.917,2989.358,11.42769,4328.921
"2024-02-21 10:00:00",311,14.19,3104.268,3002.401,11.48802,4433.031
"2024-02-21 11:00:00",312,13.9,3164.122,3067.174,11.46942,4461.27
"2024-02-21 12:00:00",313,13.54,3177.99,3112.14,11.64338,4492.132
"2024-02-21 13:00:00",314,13.54,3209.407,3167.281,11.42367,4460.532
"2024-02-21 14:00:00",315,13.47,3212.27,3184.867,11.43282,4346.013
"2024-02-21 15:00:00",316,13.59,3260.941,3241.309,11.32417,4303.068
"2024-02-21 16:00:00",317,13.6,3232.939,3230.485,11.37263,4272.405
"2024-02-21 17:00:00",318,13.63,3266.292,3246.859,11.2562,4315.917
"2024-02-21 18:00:00",319,13.01,3300.378,3273.775,11.31813,4389.044
"2024-02-21 19:00:00",320,12.96,3273.191,3251.705,11.15253,4526.602
"2024-02-21 20:00:00",321,12.93,3277.489,3230.832,11.19747,4581.036
"2024-02-21 21:00:00",322,12.89,3298.976,3234.924,11.22214,4532.332
"2024-02-21 22:00:00",323,12.87,3290.381,3217.325,11.26142,4506.547
"2024-02-21 23:00:00",324,12.85,3271.759,3173.124,11.23113,4466.438
"2024-02-22 00:00:00",325,12.81,3241.677,3147.339,11.23577,4466.438
"2024-02-22 01:00:00",326,12.79,3243.11,3137.926,11.37073,4434.924
"2024-02-22 02:00:00",327,12.76,3238.812,3122.373,11.36936,4412.004
"2024-02-22 03:00:00",328,12.74,3171.486,3067.121,11.41175,4400.544
"2024-02-22 04:00:00",329,12.74,3187.243,3070.395,11.46617,4369.03
"2024-02-22 05:00:00",330,12.72,3155.729,3042.564,11.47552,4369.03
"2024-02-22 06:00:00",331,12.71,3125.647,3004.911,11.53043,4328.921
"2024-02-22 07:00:00",332,12.71,3082.673,2983.628,11.60382,4334.651
"2024-02-22 08:00:00",333,13.55,3062.618,2970.531,11.567,4334.651
"2024-02-22 09:00:00",334,13.62,3048.294,2981.991,11.69281,4320.326
"2024-02-22 10:00:00",335,14.19,3024.163,2979.979,11.77161,4410.237
"2024-02-22 11:00:00",336,13.88,3102.431,3051.505,11.82642,4578.484
"2024-02-22 12:00:00",337,13.49,3114.934,3091.212,11.75345,4715.346
"2024-02-22 13:00:00",338,13.44,3166.462,3159.51,11.70733,40.0818
"2024-02-22 14:00:00",339,13.44,3222.291,3223.722,11.61583,34.35583
"2024-02-22 15:00:00",340,13.58,3217.996,3235.583,11.53439,51.53374
"2024-02-22 16:00:00",341,13.52,3223.771,3253.219,11.50855,42.94543
"2024-02-22 17:00:00",342,13.58,3265.681,3272.84,11.36344,4458.277
"2024-02-22 18:00:00",343,13.04,3277.953,3289.205,11.34395,4396.381
"2024-02-22 19:00:00",344,12.96,3303.211,3299.528,11.37262,4420.516
"2024-02-22 20:00:00",345,12.94,3317.26,3295.571,11.2454,4566.247
"2024-02-22 21:00:00",346,12.91,3307.562,3272.569,11.22226,4621.132
"2024-02-22 22:00:00",347,12.88,3294.678,3240.245,11.32349,4655.524
"2024-02-22 23:00:00",348,12.86,3354.842,3254.16,11.26061,4612.55
"2024-02-23 00:00:00",349,12.82,3301.841,3207.094,11.2748,4569.576
"2024-02-23 01:00:00",350,12.8,3314.733,3199.727,11.40658,4549.521
"2024-02-23 02:00:00",351,12.78,3330.49,3201.364,11.32073,4558.116
"2024-02-23 03:00:00",352,12.75,3314.733,3185.402,11.36356,4538.062
"2024-02-23 04:00:00",353,12.75,3290.381,3157.571,11.38182,4555.251
"2024-02-23 05:00:00",354,12.74,3276.056,3138.744,11.32689,4549.521
"2024-02-23 06:00:00",355,12.73,3253.137,3132.196,11.38182,4518.007
"2024-02-23 07:00:00",356,12.74,3262.834,3138.836,11.33493,4574.843
"2024-02-23 08:00:00",357,13.24,3284.989,3167.975,11.33425,4559.461
"2024-02-23 09:00:00",358,13.17,3290.693,3170.406,11.3341,4568.02
"2024-02-23 10:00:00",359,13.31,3279.237,3172.861,11.37987,4588.067
"2024-02-23 11:00:00",360,13.91,3316.468,3227.277,11.40732,4599.523
"2024-02-23 12:00:00",361,14.19,3363.146,3273.765,11.41647,4638.821
"2024-02-23 13:00:00",362,13.63,3371.826,3310.26,11.44393,4667.581
"2024-02-23 14:00:00",363,13.62,3398.868,3348.964,11.24328,4733.218
"2024-02-23 15:00:00",364,13.6,3388.25,3354.7,11.13017,4740.114
"2024-02-23 16:00:00",365,13.63,3399.524,3363.52,11.23887,4754.178
"2024-02-23 17:00:00",366,13.49,3451.013,3404.782,11.17129,4756.957
"2024-02-23 18:00:00",367,13.05,3484.001,3410.153,11.14382,4802.853
"2024-02-23 19:00:00",368,12.96,3491.169,3392.158,11.04313,4802.863
"2024-02-23 20:00:00",369,12.94,3562.768,3422.025,11.01567,4811.455
"2024-02-23 21:00:00",370,12.91,3538.424,3389.703,11.09805,4799.999
"2024-02-23 22:00:00",371,12.89,3594.271,3411.796,10.97905,4822.911
"2024-02-23 23:00:00",372,12.87,3588.543,3378.247,11.00614,4817.183
"2024-02-24 00:00:00",373,12.84,3634.367,3394.613,11.02482,4808.591
"2024-02-24 01:00:00",374,12.83,3589.975,3351.653,11.00651,4822.911
"2024-02-24 02:00:00",375,12.8,3602.877,3339.801,11.06143,4805.745
"2024-02-24 03:00:00",376,12.78,3602.875,3338.98,10.97905,4794.286
"2024-02-24 04:00:00",377,12.76,3607.958,3320.885,11.04313,4781.011
"2024-02-24 05:00:00",378,12.74,3569.655,3286.031,11.07059,4795.829
"2024-02-24 06:00:00",379,12.73,3548.22,3263.978,11.04313,4801.628
"2024-02-24 07:00:00",380,12.73,3568.28,3272.987,11.06143,4784.446
"2024-02-24 08:00:00",381,13.24,3485.197,3225.511,11.13466,4795.906
"2024-02-24 09:00:00",382,13.49,3445.393,3222.001,11.18771,4843.025
"2024-02-24 10:00:00",383,14.01,3448.477,3250.726,11.26811,4334.574
"2024-02-24 11:00:00",384,13.88,3475.665,3297.342,10.70992,4134.151
"2024-02-24 12:00:00",385,13.48,3487.117,3334.97,11.28641,4188.548
"2024-02-24 13:00:00",386,13.45,3469.939,3358.283,11.24065,4231.493
"2024-02-24 14:00:00",387,13.48,3487.117,3418.814,11.1217,4237.219
"2024-02-24 15:00:00",388,13.56,3454.287,3413.591,11.03284,4260.239
"2024-02-24 16:00:00",389,13.6,3451.858,3418.52,11.04439,4340.951
"2024-02-24 17:00:00",390,13.61,3445.116,3433.662,11.12269,4398.752
"2024-02-24 18:00:00",391,13.02,3436.45,3409.234,11.05178,4383.3
"2024-02-24 19:00:00",392,12.96,3413.152,3383.074,11.05557,4345.574
"2024-02-24 20:00:00",393,12.94,3415.838,3379.623,10.97318,4382.584
"2024-02-24 21:00:00",394,12.91,3434.471,3382.093,11.0244,4402.654
"2024-02-24 22:00:00",395,12.89,3413.54,3344.578,11.00443,4380.447
"2024-02-24 23:00:00",396,12.86,3450.818,3334.379,10.93291,4389.084
"2024-02-25 00:00:00",397,12.83,3478.034,3335.197,10.97359,4377.625
"2024-02-25 01:00:00",398,12.81,3499.521,3315.143,10.97594,4346.111
"2024-02-25 02:00:00",399,12.78,3496.656,3284.447,11.01434,4348.976
"2024-02-25 03:00:00",400,12.75,3502.386,3263.574,11.00118,4320.326
"2024-02-25 04:00:00",401,12.74,3523.874,3264.802,11.06375,4346.111
"2024-02-25 05:00:00",402,12.72,3465.142,3215.279,11.0998,4320.326
"2024-02-25 06:00:00",403,12.71,3435.06,3190.313,11.05404,4274.487
"2024-02-25 07:00:00",404,12.7,3404.979,3173.942,11.10903,4274.487
"2024-02-25 08:00:00",405,13.28,3370.599,3160.436,11.21828,4242.973
"2024-02-25 09:00:00",406,13.66,3338.563,3145.619,11.23384,4265.225
"2024-02-25 10:00:00",407,14.1,3338.352,3178.02,11.32303,4334.704
"2024-02-25 11:00:00",408,14.11,3331.084,3210.634,11.26811,4406.135
"2024-02-25 12:00:00",409,13.47,3355.419,3260.532,11.29556,4363.19
"2024-02-25 13:00:00",410,13.46,3375.46,3300.205,11.32301,4388.958
"2024-02-25 14:00:00",411,13.44,3405.522,3362.782,11.16745,4431.902
"2024-02-25 15:00:00",412,13.61,3391.489,3376.559,11.08793,4463.766
"2024-02-25 16:00:00",413,13.58,3414.88,3408.13,11.0759,4447.219
"2024-02-25 17:00:00",414,13.6,3367.049,3378.711,11.02683,4411.106
"2024-02-25 18:00:00",415,13.03,3455.01,3403.443,11.04664,4368.898
"2024-02-25 19:00:00",416,12.96,3413.008,3362.471,10.98089,4313.882
"2024-02-25 20:00:00",417,12.94,3448.797,3371.048,11.00976,4273.758
"2024-02-25 21:00:00",418,12.9,3469.028,3355.672,11.00828,4222.417
"2024-02-25 22:00:00",419,12.88,3478.025,3337.234,10.9868,4199.987
"2024-02-25 23:00:00",420,12.85,3476.602,3319.235,10.99467,4234.378
"2024-02-26 00:00:00",421,12.81,3453.683,3283.628,11.02404,4191.404
"2024-02-26 01:00:00",422,12.8,3443.655,3255.388,11.06925,4148.43
"2024-02-26 02:00:00",423,12.76,3447.953,3254.57,11.03717,4134.105
"2024-02-26 03:00:00",424,12.74,3433.628,3230.013,11.0818,4096.861
"2024-02-26 04:00:00",425,12.72,3394.951,3184.993,11.09996,4096.861
"2024-02-26 05:00:00",426,12.69,3362.004,3157.98,11.11822,4053.887
"2024-02-26 06:00:00",427,12.69,3343.382,3146.521,11.1915,4030.968
"2024-02-26 07:00:00",428,12.68,3331.923,3133.833,11.20066,4016.643
"2024-02-26 08:00:00",429,13.23,3268.894,3088.403,11.26475,3987.993
"2024-02-26 09:00:00",430,13.68,3278.72,3115.224,11.32597,3982.019
"2024-02-26 10:00:00",431,14.14,3272.541,3142.474,11.36881,4099.981
"2024-02-26 11:00:00",432,13.98,3273.824,3162.373,11.34156,4168.507
"2024-02-26 12:00:00",433,13.47,3328.221,3240.082,11.30481,4168.507
"2024-02-26 13:00:00",434,13.45,3368.303,3278.528,11.20405,4191.411
"2024-02-26 14:00:00",435,13.46,3378.323,3339.06,11.14945,4039.673
"2024-02-26 15:00:00",436,13.6,3434.401,3404.337,11.05163,3999.881
"2024-02-26 16:00:00",437,13.6,3394.717,3395.74,11.00212,4083.397
"2024-02-26 17:00:00",438,13.57,3397.897,3395.238,10.99675,4115.279
"2024-02-26 18:00:00",439,13.03,3441.623,3411.956,10.9844,4058.909
"2024-02-26 19:00:00",440,12.96,3415.772,3375.876,10.92322,3967.165
"2024-02-26 20:00:00",441,12.93,3494.561,3397.172,10.89515,3955.728
"2024-02-26 21:00:00",442,12.91,3487.467,3355.907,10.90587,3947.211
"2024-02-26 22:00:00",443,12.88,3480.794,3337.143,10.80451,3916.252
"2024-02-26 23:00:00",444,12.86,3506.684,3330.286,10.87453,3893.45
"2024-02-27 00:00:00",445,12.82,3525.306,3311.868,10.91549,3844.747
"2024-02-27 01:00:00",446,12.8,3532.468,3288.13,10.92113,3864.801
"2024-02-27 02:00:00",447,12.77,3556.82,3278.308,10.95374,3821.827
"2024-02-27 03:00:00",448,12.74,3571.145,3290.586,10.88755,3790.313
"2024-02-27 04:00:00",449,12.73,3516.711,3251.295,10.93328,3810.367
"2024-02-27 05:00:00",450,12.71,3518.144,3245.566,10.90582,3790.313
"2024-02-27 06:00:00",451,12.7,3485.197,3215.279,10.98821,3770.258
"2024-02-27 07:00:00",452,12.69,3502.386,3224.692,10.94244,3735.879
"2024-02-27 08:00:00",453,13.12,3440.79,3181.719,10.98821,3735.879
"2024-02-27 09:00:00",454,13.58,3445.405,3215.875,11.08708,3780.494
"2024-02-27 10:00:00",455,13.96,3445.619,3244.187,11.0302,3819.241
"2024-02-27 11:00:00",456,14.02,3425.563,3267.076,11.04039,3819.223
"2024-02-27 12:00:00",457,13.42,3454.192,3325.154,11.01226,3784.867
"2024-02-27 13:00:00",458,13.41,3542.945,3418.405,10.93953,3799.182
"2024-02-27 14:00:00",459,13.43,3531.493,3449.489,10.85736,3830.675
"2024-02-27 15:00:00",460,13.51,3573.343,3500.535,10.7594,3828.173
"2024-02-27 16:00:00",461,13.55,3635.179,3545.798,10.65498,3851.371
"2024-02-27 17:00:00",462,13.54,3615.92,3515.882,10.6647,3820.703
"2024-02-27 18:00:00",463,13.08,3628.735,3512.537,10.6185,3760.48
"2024-02-27 19:00:00",464,12.97,3703.103,3524.31,10.61027,3714.559
"2024-02-27 20:00:00",465,12.94,3693.079,3499.762,10.56675,3651.552
"2024-02-27 21:00:00",466,12.91,3704.535,3472.35,10.56115,3620.048
"2024-02-27 22:00:00",467,12.89,3712.153,3460.912,10.57462,3586.123
"2024-02-27 23:00:00",468,12.86,3748.76,3461.654,10.58393,3569.702
"2024-02-28 00:00:00",469,12.83,3734.446,3436.698,10.57432,3569.712
"2024-02-28 01:00:00",470,12.81,3721.316,3403.738,10.56974,3569.484
"2024-02-28 02:00:00",471,12.79,3783.744,3423.661,10.56714,3603.293
"2024-02-28 03:00:00",472,12.78,3750.893,3386.095,10.44814,3569.005
"2024-02-28 04:00:00",473,12.76,3798.161,3405.333,10.60375,3557.554
"2024-02-28 05:00:00",474,12.74,3754.161,3376.638,10.53052,3580.848
"2024-02-28 06:00:00",475,12.73,3724.304,3353.511,10.53052,3546.684
"2024-02-28 07:00:00",476,12.72,3738.6,3364.126,10.53968,3546.656
"2024-02-28 08:00:00",477,13.06,3735.589,3358.266,10.64952,3529.33
"2024-02-28 09:00:00",478,13.58,3677.336,3338.57,10.64705,3559.913
"2024-02-28 10:00:00",479,14,3721.885,3398.776,10.56351,3555.832
"2024-02-28 11:00:00",480,14.1,3693.252,3418.405,10.60011,3578.732
"2024-02-28 12:00:00",481,13.41,3747.648,3481.391,10.51002,3598.773
"2024-02-28 13:00:00",482,13.41,3784.867,3546.013,10.37281,3641.718
"2024-02-28 14:00:00",483,13.47,3843.559,3611.452,10.2633,3647.444
"2024-02-28 15:00:00",484,13.47,3868.38,3661.811,10.26796,3619.269
"2024-02-28 16:00:00",485,13.52,3847.099,3664.859,10.30176,3585.09
"2024-02-28 17:00:00",486,13.6,3846.791,3658.155,10.23086,3574.68
"2024-02-28 18:00:00",487,13.1,3884.967,3669.557,10.12385,3494.036
"2024-02-28 19:00:00",488,12.97,3929.356,3669.145,10.12393,3436.755
"2024-02-28 20:00:00",489,12.94,3946.54,3652.37,10.10116,3379.475
"2024-02-28 21:00:00",490,12.92,3966.588,3639.278,10.08572,3365.156
"2024-02-28 22:00:00",491,12.9,3980.907,3626.595,9.998793,3327.924
"2024-02-28 23:00:00",492,12.87,4026.65,3625.357,10.07028,3274.608
"2024-02-29 00:00:00",493,12.86,4050.569,3618.831,10.05105,3274.258
"2024-02-29 01:00:00",494,12.84,4072.574,3607.792,9.985249,3184.742
"2024-02-29 02:00:00",495,12.81,4104.058,3588.954,9.945458,3138.903
"2024-02-29 03:00:00",496,12.81,4125.538,3586.499,9.999615,3095.943
"2024-02-29 04:00:00",497,12.79,4169.929,3590.181,9.972147,3030.072
"2024-02-29 05:00:00",498,12.78,4198.568,3601.637,9.908072,3001.432
"2024-02-29 06:00:00",499,12.77,4194.272,3599.592,9.871457,2969.929
"2024-02-29 07:00:00",500,12.75,4114.082,3547.222,9.917225,2984.249
"2024-02-29 08:00:00",501,12.81,4118.621,3548.659,10.00876,2998.746
"2024-02-29 09:00:00",502,13.21,4029.653,3503.086,10.04538,3018.66
"2024-02-29 10:00:00",503,14.14,3992.227,3525.417,10.10795,3032.833
"2024-02-29 11:00:00",504,14.16,3966.732,3537.073,10.13506,3049.13
"2024-02-29 12:00:00",505,13.57,3927.281,3577.73,10.109,3009.531
"2024-02-29 13:00:00",506,13.56,3857.68,3571.699,10.15848,3009.964
"2024-02-29 14:00:00",507,13.64,3830.308,3585.046,10.02132,2975.469
"2024-02-29 15:00:00",508,13.66,3823.944,3593.567,10.03257,2944.58
"2024-02-29 16:00:00",509,13.66,3823.63,3594.09,10.06144,3007.35
"2024-02-29 17:00:00",510,13.37,3757.521,3557.044,9.984773,3027.21
"2024-02-29 18:00:00",511,12.95,3738.903,3538.221,9.990783,3055.848
"2024-02-29 19:00:00",512,12.92,3695.943,3493.625,9.999608,3075.895
"2024-02-29 20:00:00",513,12.89,3703.136,3473.608,10.02707,3078.787
"2024-02-29 21:00:00",514,12.88,3690.232,3451.499,10.01792,3064.453
"2024-02-29 22:00:00",515,12.86,3694.625,3433.178,10.02707,3081.718
"2024-02-29 23:00:00",516,12.84,3723.381,3434.104,9.990455,3058.901
"2024-03-01 00:00:00",517,12.83,3767.671,3439.736,10.03622,3076
"2024-03-01 01:00:00",518,12.8,3733.194,3405.678,9.999608,3041.543
"2024-03-01 02:00:00",519,12.79,3762.021,3404.62,10.01792,3041.695
"2024-03-01 03:00:00",520,12.77,3786.419,3407.123,10.00876,3041.738
"2024-03-01 04:00:00",521,12.74,3765.141,3382.346,10.03622,3018.987
"2024-03-01 05:00:00",522,12.73,3798.188,3396.763,9.95384,2996.157
"2024-03-01 06:00:00",523,12.72,3782.167,3378.521,9.981301,3001.675
"2024-03-01 07:00:00",524,12.71,3780.655,3391.951,9.935533,2964.377
"2024-03-01 08:00:00",525,12.8,3783.354,3381.985,10.05453,2961.384
"2024-03-01 09:00:00",526,12.87,3786.158,3405.251,9.998609,2915.513
"2024-03-01 10:00:00",527,13.81,3768.974,3406.07,10.0345,2878.282
"2024-03-01 11:00:00",528,14.23,3781.661,3452.118,9.942979,2863.81
"2024-03-01 12:00:00",529,14.19,3835.669,3509.434,9.961556,2869.235
"2024-03-01 13:00:00",530,13.54,3855.666,3551.934,9.880576,2903.561
"2024-03-01 14:00:00",531,13.5,3865.501,3581.214,9.871452,2894.831
"2024-03-01 15:00:00",532,13.57,3865.688,3587.932,9.716794,2892.108
"2024-03-01 16:00:00",533,13.29,3897.35,3605.673,9.700858,2852.139
"2024-03-01 17:00:00",534,13.14,3949.597,3613.27,9.677712,2818.277
"2024-03-01 18:00:00",535,13.01,3998.808,3615.378,9.692197,2801.458
"2024-03-01 19:00:00",536,12.95,4079.881,3615.696,9.669082,2723.739
"2024-03-01 20:00:00",537,12.93,4159.905,3619.23,9.548018,2720.764
"2024-03-01 21:00:00",538,12.91,4222.912,3624.14,9.618471,2689.26
"2024-03-01 22:00:00",539,12.88,4235.8,3620.049,9.57067,2640.573
"2024-03-01 23:00:00",540,12.87,4218.616,3603.683,9.532783,2620.525
"2024-03-02 00:00:00",541,12.85,4207.161,3580.771,9.587692,2583.294
"2024-03-02 01:00:00",542,12.82,4238.664,3581.59,9.505309,2546.062
"2024-03-02 02:00:00",543,12.81,4298.807,3603.274,9.450387,2517.423
"2024-03-02 03:00:00",544,12.79,4293.079,3592.636,9.560231,2483.055
"2024-03-02 04:00:00",545,12.77,4275.896,3566.861,9.496156,2463.008
"2024-03-02 05:00:00",546,12.76,4333.175,3586.09,9.514462,2434.368
"2024-03-02 06:00:00",547,12.74,4356.086,3582.408,9.386311,2463.008
"2024-03-02 07:00:00",548,12.74,4301.671,3555.405,9.496156,2445.824
"2024-03-02 08:00:00",549,12.78,4351.791,3584.044,9.450387,2417.184
"2024-03-02 09:00:00",550,13.32,4288.783,3566.861,9.431419,2377.089
"2024-03-02 10:00:00",551,13.55,4264.439,3573.816,9.46707,2334.129
"2024-03-02 11:00:00",552,13.79,4259.554,3599.911,9.366394,2356.715
"2024-03-02 12:00:00",553,14.15,4249.649,3622.102,9.412954,2356.78
"2024-03-02 13:00:00",554,14.19,4233.653,3651.345,9.413768,2365.234
"2024-03-02 14:00:00",555,13.52,4275.153,3703.688,9.349692,2365.222
"2024-03-02 15:00:00",556,13.11,4253.966,3692.484,9.350956,2391.156
"2024-03-02 16:00:00",557,13.05,4292.177,3703.151,9.320995,2388.839
"2024-03-02 17:00:00",558,13.53,4313.66,3695.377,9.191482,2354.468
"2024-03-02 18:00:00",559,12.99,4343.2,3683.466,9.197308,2331.266
"2024-03-02 19:00:00",560,12.93,4426.253,3701.058,9.206405,2331.265
"2024-03-02 20:00:00",561,12.91,4384.726,3665.872,9.206405,2348.449
"2024-03-02 21:00:00",562,12.89,4361.814,3651.552,9.149164,2400
"2024-03-02 22:00:00",563,12.87,4404.774,3659.326,9.120854,2408.592
"2024-03-02 23:00:00",564,12.86,4433.414,3663.417,9.084239,2422.912
"2024-03-03 00:00:00",565,12.84,4453.461,3660.962,9.065931,2388.544
"2024-03-03 01:00:00",566,12.83,4436.277,3651.552,9.1117,2325.537
"2024-03-03 02:00:00",567,12.81,4439.142,3642.142,9.093393,2325.537
"2024-03-03 03:00:00",568,12.79,4437.709,3635.596,9.075086,2299.762
"2024-03-03 04:00:00",569,12.78,4456.325,3630.686,9.065931,2262.53
"2024-03-03 05:00:00",570,12.76,4482.101,3629.459,9.047625,2294.034
"2024-03-03 06:00:00",571,12.74,4486.397,3630.277,8.983548,2328.401
"2024-03-03 07:00:00",572,12.74,4483.533,3629.868,9.011009,2271.122
"2024-03-03 08:00:00",573,12.84,4459.189,3622.912,9.011009,2279.714
"2024-03-03 09:00:00",574,13.58,4418.943,3631.381,9.064768,2250.998
"2024-03-03 10:00:00",575,13.72,4411.876,3663.817,9.009088,2261.767
"2024-03-03 11:00:00",576,14.15,4395.161,3696.517,9.056588,2276.321
"2024-03-03 12:00:00",577,13.48,4342.458,3718.017,8.974655,2302.233
"2024-03-03 13:00:00",578,13.57,4373.186,3742.718,8.969894,2296.854
"2024-03-03 14:00:00",579,13.55,4432.459,3757.924,8.942798,2291.417
"2024-03-03 15:00:00",580,13.59,4498.848,3817.279,8.913754,2294.541
"2024-03-03 16:00:00",581,13.35,4483.746,3813.752,8.779359,2291.279
"2024-03-03 17:00:00",582,13.01,4471.401,3791.3,8.51903,2305.879
"2024-03-03 18:00:00",583,12.93,4459.848,3766.258,8.864985,2348.796
"2024-03-03 19:00:00",584,12.91,4469.218,3746.067,7.00939,2342.724
"2024-03-03 20:00:00",585,12.9,4535.084,3739.107,8.865453,2354.177
"2024-03-03 21:00:00",586,12.88,4555.132,3741.971,8.580786,2391.408
"2024-03-03 22:00:00",587,12.86,4483.533,3694.921,8.956087,2420.048
"2024-03-03 23:00:00",588,12.84,4550.836,3707.195,8.910319,2428.64
"2024-03-04 00:00:00",589,12.82,4500.717,3676.51,8.892012,2417.184
"2024-03-04 01:00:00",590,12.81,4456.325,3656.871,8.901165,2463.008
"2024-03-04 02:00:00",591,12.79,4493.557,3665.463,8.873374,2451.552
"2024-03-04 03:00:00",592,12.78,4516.468,3666.69,8.818778,2483.055
"2024-03-04 04:00:00",593,12.77,4523.628,3660.962,8.937777,2480.191
"2024-03-04 05:00:00",594,12.74,4503.581,3647.87,8.882854,2505.967
"2024-03-04 06:00:00",595,12.74,4480.669,3638.46,8.919469,2537.47
"2024-03-04 07:00:00",596,12.72,4492.125,3633.55,8.846239,2528.879
"2024-03-04 08:00:00",597,12.79,4477.805,3627.413,8.827932,2546.062
"2024-03-04 09:00:00",598,12.98,4413.366,3622.503,8.854956,2554.654
"2024-03-04 10:00:00",599,13.57,4396.182,3624.958,8.927387,2563.246
