"TOA5","Bradford_6a_","CR800","31050","CR800.Std.27","CPU:5_1hr_02082024.CR8","11368","Test"
"TIMESTAMP","RECORD","BattV_Min","CO2High","CO2Low","cDOM","CO2"
"TS","RN","Volts","ppm","ppm","ppbQ","ppm"
"","","Min","Smp","Smp","Smp","Smp"
"2024-05-22 08:00:00",353,12,674.82,4255.292,0.6642684,-138.1295
"2024-05-22 09:00:00",354,12.02,670.5035,4504.419,0.6712654,8.633092
"2024-05-22 10:00:00",355,12.02,638.6906,4673.457,0.6695963,210.0199
"2024-05-22 11:00:00",356,12.05,642.7453,4843.699,0.6743827,235.8171
"2024-05-22 12:00:00",357,12.08,687.299,5215.75,0.6846966,227.1825
"2024-05-22 13:00:00",358,12.13,721.8077,5496.338,0.7322211,250.1884
"2024-05-22 14:00:00",359,12.19,730.4349,5595.346,0.7111686,267.4427
"2024-05-22 15:00:00",360,12.24,707.4291,5632.73,0.7019264,273.1942
"2024-05-22 16:00:00",361,12.21,717.4941,5364.055,0.6863893,255.9398
"2024-05-22 17:00:00",362,12.21,705.9913,5219.858,0.6964748,221.4311
"2024-05-22 18:00:00",363,12.14,710.3279,4984.621,0.686965,123.6603
"2024-05-22 19:00:00",364,12.1,672.9353,4860.91,0.6784883,20.13054
"2024-05-22 20:00:00",365,12.09,684.4233,4684.972,0.6689456,-31.63301
"2024-05-22 21:00:00",366,12.08,744.8275,4548.666,0.6694907,-37.38517
"2024-05-22 22:00:00",367,12.07,694.6219,4407.695,0.6730343,-60.4019
"2024-05-22 23:00:00",368,12.05,724.9533,4317.665,0.6635751,-89.18076
"2024-05-23 00:00:00",369,12.05,709.2833,4238.436,0.6521775,-112.2193
"2024-05-23 01:00:00",370,12.04,697.8415,4171.427,0.6723523,-129.4964
"2024-05-23 02:00:00",371,12.03,702.1581,4133.196,0.6592737,-141.0072
"2024-05-23 03:00:00",372,12.01,776.9783,4071.531,0.6606704,-164.0287
"2024-05-23 04:00:00",373,12.02,759.7121,4040.698,0.6550107,-184.1726
"2024-05-23 05:00:00",374,12,730.9351,3991.778,0.6474031,-192.8057
"2024-05-23 06:00:00",375,12,739.5682,3972.867,0.6507246,-215.8273
"2024-05-23 07:00:00",376,11.99,752.5178,3958.89,0.6636136,-238.8489
"2024-05-23 08:00:00",377,12,697.8416,4148.406,0.6674374,-256.1151
"2024-05-23 09:00:00",378,12,638.8488,4490.03,0.6715775,-215.8273
"2024-05-23 10:00:00",379,12.01,642.9731,4653.49,0.6690778,-152.4724
"2024-05-23 11:00:00",380,12.03,651.3851,4848.31,0.6787451,60.39332
"2024-05-23 12:00:00",381,12.07,705.9913,5364.466,0.7073267,192.6738
"2024-05-23 13:00:00",382,12.12,741.9379,5774.052,0.7198858,261.6913
"2024-05-23 14:00:00",383,12.23,753.4408,5805.274,0.7226388,278.9456
"2024-05-23 15:00:00",384,12.23,753.4408,5794.182,0.7111941,284.6971
"2024-05-23 16:00:00",385,12.22,713.241,5367.796,0.7035663,232.9537
"2024-05-23 17:00:00",386,12.16,684.4507,5138.311,0.6896619,146.668
"2024-05-23 18:00:00",387,12.14,678.678,4968.072,0.6951132,140.912
"2024-05-23 19:00:00",388,12.1,713.1806,4839.029,0.6716713,166.7922
"2024-05-23 20:00:00",389,12.09,688.7369,4688.67,0.6760326,-2.875728
"2024-05-23 21:00:00",390,12.07,731.99,4570.264,0.6763052,-31.63807
"2024-05-23 22:00:00",391,12.07,762.3091,4477.282,0.6577697,-94.92906
"2024-05-23 23:00:00",392,12.05,729.2968,4413.592,0.6760575,-140.9686
"2024-05-24 00:00:00",393,12.05,732.1539,4415.527,0.6739836,-175.4868
"2024-05-24 01:00:00",394,12.04,719.265,4365.733,0.6677176,-204.2713
"2024-05-24 02:00:00",395,12.03,788.4539,4324.575,0.6704439,-227.3279
"2024-05-24 03:00:00",396,12.01,808.6276,4277.463,0.6641735,-244.6026
"2024-05-24 04:00:00",397,12.01,847.4818,4307.091,0.6625378,-261.8705
"2024-05-24 05:00:00",398,12,869.0646,4390.133,0.6698986,-264.7481
"2024-05-24 06:00:00",399,12,699.2748,4366.665,0.6753511,-261.8683
"2024-05-24 07:00:00",400,12,673.3793,4363.811,0.6685355,-273.3805
"2024-05-24 08:00:00",401,12,633.0912,4420.539,0.6679903,-267.6249
"2024-05-24 09:00:00",402,12,655.9722,4510.015,0.6690807,-250.3052
"2024-05-24 10:00:00",403,12.01,622.9059,4679.501,0.6815211,25.89447
"2024-05-24 11:00:00",404,12.04,661.4265,4894.967,0.6858281,158.1672
"2024-05-24 12:00:00",405,12.08,661.4175,5122.494,0.7059337,175.4194
"2024-05-24 13:00:00",406,12.12,737.6243,5671.758,0.7414207,241.5612
"2024-05-24 14:00:00",407,12.25,747.6893,5813.901,0.7136286,299.0757
"2024-05-24 15:00:00",408,12.22,754.8787,5779.393,0.7002909,324.9573
"2024-05-24 16:00:00",409,12.23,707.4415,5367.846,0.6883062,290.4536
"2024-05-24 17:00:00",410,12.19,716.1011,5243.603,0.7156032,227.1967
"2024-05-24 18:00:00",411,12.13,710.3824,4998.151,0.6907815,166.8105
"2024-05-24 19:00:00",412,12.11,747.7051,4828.861,0.6754876,8.627367
"2024-05-24 20:00:00",413,12.08,688.7472,4666.145,0.6866633,-54.63966
"2024-05-24 21:00:00",414,12.08,717.5916,4473.598,0.6866633,-89.15968
"2024-05-24 22:00:00",415,12.06,746.5102,4355.773,0.6716767,-129.4526
"2024-05-24 23:00:00",416,12.06,752.4393,4258.959,0.6824332,-158.2568
"2024-05-25 00:00:00",417,12.04,782.7328,4209.245,0.6521779,-187.0501
"2024-05-25 01:00:00",418,12.04,769.784,4124.974,0.6840808,-215.8273
"2024-05-25 02:00:00",419,12.02,765.4675,4095.375,0.6677706,-244.6043
"2024-05-25 03:00:00",420,12.02,794.2444,4035.765,0.6694704,-261.8705
"2024-05-25 04:00:00",421,12.01,765.4675,3995.066,0.6705784,-282.0143
"2024-05-25 05:00:00",422,12.01,870.5034,3999.588,0.6695577,-299.2805
"2024-05-25 06:00:00",423,11.99,833.0933,3951.079,0.656533,-319.4244
"2024-05-25 07:00:00",424,11.99,776.9783,3966.289,0.6619898,-336.6906
"2024-05-25 08:00:00",425,11.99,707.9135,4137.307,0.6857163,-345.3237
"2024-05-25 09:00:00",426,12,656.115,4372.867,0.6727551,-319.4244
"2024-05-25 10:00:00",427,11.99,645.9971,4544.383,0.6696293,-279.1168
"2024-05-25 11:00:00",428,12.01,676.1003,4760.651,0.6796408,-140.9741
"2024-05-25 12:00:00",429,12.03,701.6796,5354.622,0.7136298,71.8934
"2024-05-25 13:00:00",430,12.17,736.1864,5641.357,0.7119702,221.4311
"2024-05-25 14:00:00",431,12.27,787.9495,5882.918,0.7250221,261.6913
"2024-05-25 15:00:00",432,12.31,782.1981,5926.876,0.7201892,353.7146
"2024-05-25 16:00:00",433,12.25,736.3296,5457.961,0.6908584,348.0308
"2024-05-25 17:00:00",434,12.2,721.9225,5172.614,0.6938839,261.7328
"2024-05-25 18:00:00",435,12.13,714.656,4908.716,0.6851607,117.911
"2024-05-25 19:00:00",436,12.11,713.2313,4730.087,0.6738617,92.02984
"2024-05-25 20:00:00",437,12.09,707.4868,4527.999,0.6823019,-54.64329
"2024-05-25 21:00:00",438,12.08,706.2042,4302.154,0.6825818,-100.6808
"2024-05-25 22:00:00",439,12.07,732.2766,4158.953,0.6816123,-140.9884
"2024-05-25 23:00:00",440,12.06,715.1075,4088.384,0.6701713,-178.4172
"2024-05-26 00:00:00",441,12.05,723.7408,3981.911,0.6579707,-204.3165
"2024-05-26 01:00:00",442,12.05,707.9135,3918.191,0.6512192,-233.0935
"2024-05-26 02:00:00",443,12.03,702.1581,3816.238,0.6499661,-256.1151
"2024-05-26 03:00:00",444,12.03,719.4243,3786.639,0.6868072,-276.2589
"2024-05-26 04:00:00",445,12.01,742.4714,3762.924,0.6668987,-296.413
"2024-05-26 05:00:00",446,12.01,752.6576,3705.107,0.6491721,-313.7273
"2024-05-26 06:00:00",447,12,768.6081,3652.225,0.638536,-325.291
"2024-05-26 07:00:00",448,12,778.6839,3688.005,0.6630807,-342.5634
"2024-05-26 08:00:00",449,12,754.2151,3916.655,0.6551781,-342.5634
"2024-05-26 09:00:00",450,12.01,682.0172,4198.168,0.6636272,-227.3391
"2024-05-26 10:00:00",451,12,677.698,4480.988,0.6756791,-198.5612
"2024-05-26 11:00:00",452,12.02,667.4358,4682.326,0.6840765,-256.0422
"2024-05-30 13:00:00",453,13.9,629.7889,299.8995,0.6769108,-382.4745
"2024-05-30 14:00:00",454,14.05,746.2515,5701.337,0.6703507,2.875728
"2024-05-30 15:00:00",455,14.46,793.701,6013.559,0.6515548,172.5437
"2024-05-30 16:00:00",456,14.45,717.5754,5500.248,0.6282036,255.9688
"2024-05-30 17:00:00",457,14.35,747.7308,5467.063,0.6320642,238.6987
"2024-05-30 18:00:00",458,14.19,707.5196,5013.857,0.6037194,135.1765
"2024-05-30 19:00:00",459,13.9,706.1223,4784.456,0.6102049,37.3914
"2024-05-30 20:00:00",460,13.76,684.519,4593.181,0.6093187,-51.77035
"2024-05-30 21:00:00",461,13.65,677.3047,4365.812,0.6071399,-106.413
"2024-05-30 22:00:00",462,13.57,702.0948,4182.562,0.6007059,-143.8719
"2024-05-30 23:00:00",463,13.5,759.7119,4086.33,0.6220046,-175.5395
"2024-05-31 00:00:00",464,13.44,794.2444,4055.087,0.6193578,-210.0719
"2024-05-31 01:00:00",465,13.4,808.6329,4032.065,0.6057527,-241.7266
"2024-05-31 02:00:00",466,13.36,802.8775,4056.32,0.6153173,-273.3812
"2024-05-31 03:00:00",467,13.34,761.1509,4035.354,0.6350015,-302.1582
"2024-05-31 04:00:00",468,13.33,764.0286,3947.379,0.6271406,-319.4244
"2024-05-31 05:00:00",469,13.31,776.9783,3891.058,0.6459565,-330.9352
"2024-05-31 06:00:00",470,13.3,805.7552,3828.16,0.6385951,-348.2014
"2024-05-31 07:00:00",471,13.3,753.9894,3841.893,0.6336876,-359.7278
"2024-05-31 08:00:00",472,13.3,782.7911,4009.338,0.6282347,-371.2502
"2024-05-31 09:00:00",473,13.3,634.5325,4281.193,0.6339554,-408.6332
"2024-05-31 10:00:00",474,13.31,656.1152,4505.654,0.6438503,-319.4245
"2024-05-31 11:00:00",475,13.31,657.3613,4679.821,0.6546877,-261.7938
"2024-05-31 12:00:00",476,13.32,677.3951,4902.64,0.6529315,-175.4611
"2024-05-31 13:00:00",477,13.34,718.9324,5470.46,0.7003297,-66.14178
"2024-05-31 14:00:00",478,13.37,759.1922,5754.333,0.7052377,20.1301
"2024-05-31 15:00:00",479,13.45,780.7602,5960.974,0.6755352,175.4194
"2024-05-31 16:00:00",480,13.69,723.3462,5322.07,0.641221,181.1961
"2024-05-31 17:00:00",481,14.05,706.0781,5239.811,0.6257018,163.9367
"2024-05-31 18:00:00",482,13.97,690.2571,4831.389,0.6177852,54.64535
"2024-05-31 19:00:00",483,13.92,665.7822,4664.379,0.6101352,-48.89114
"2024-05-31 20:00:00",484,13.79,687.4417,4508.845,0.6191279,-117.9293
"2024-05-31 21:00:00",485,13.67,684.7334,4307.738,0.6156812,-155.3597
"2024-05-31 22:00:00",486,13.58,697.8404,4153.333,0.6257958,-189.9277
"2024-05-31 23:00:00",487,13.5,732.374,4008.221,0.6370197,-215.8273
"2024-06-01 00:00:00",488,13.45,726.6185,3950.667,0.638461,-241.7266
"2024-06-01 01:00:00",489,13.4,752.5178,3894.758,0.6058526,-264.7481
"2024-06-01 02:00:00",490,13.37,722.302,3874.203,0.6563169,-290.6474
"2024-06-01 03:00:00",491,13.34,690.6473,3847.893,0.6375045,-310.7913
"2024-06-01 04:00:00",492,13.33,709.3566,3777.617,0.64323,-328.0594
"2024-06-01 05:00:00",493,13.31,708.1381,3763.577,0.6405036,-348.3118
"2024-06-01 06:00:00",494,13.31,708.1561,3752.57,0.6274167,-365.5928
"2024-06-01 07:00:00",495,13.3,749.8971,3721.727,0.6260535,-382.8649
"2024-06-01 08:00:00",496,13.3,738.3908,3804.841,0.6312404,-400.1416
"2024-06-01 09:00:00",497,13.3,637.4432,4121.489,0.6375057,-417.2879
"2024-06-01 10:00:00",498,13.31,638.8491,4392.601,0.6324972,-428.7771
"2024-06-01 11:00:00",499,13.31,661.8334,4588.438,0.6470609,-302.1413
"2024-06-01 12:00:00",500,13.32,653.0475,4808.058,0.6546511,-210.0109
"2024-06-01 13:00:00",501,13.34,695.9443,5308.733,0.6689979,-103.5289
"2024-06-01 14:00:00",502,13.38,733.3107,5518.523,0.6916069,-8.627184
"2024-06-01 15:00:00",503,13.49,770.6951,5827.458,0.695973,163.9165
"2024-06-01 16:00:00",504,14,701.6924,5298.436,0.630027,204.181
"2024-06-01 17:00:00",505,14.05,695.9931,5148.048,0.6319386,135.1722
"2024-06-01 18:00:00",506,14.04,695.9683,4858.221,0.6202182,71.89755
"2024-06-01 19:00:00",507,13.89,684.5052,4651.02,0.6134053,-2.876072
"2024-06-01 20:00:00",508,13.78,688.8278,4530.691,0.6172213,-83.40712
"2024-06-01 21:00:00",509,13.65,690.4311,4368.21,0.6047442,-138.0862
"2024-06-01 22:00:00",510,13.57,693.5031,4244.469,0.6247042,-175.534
"2024-06-01 23:00:00",511,13.5,687.7697,4187.872,0.6287979,-210.0719
"2024-06-02 00:00:00",512,13.45,684.892,4174.717,0.623634,-244.6043
"2024-06-02 01:00:00",513,13.4,667.6257,4150.873,0.624533,-273.3812
"2024-06-02 02:00:00",514,13.37,666.1869,4089.208,0.622914,-287.7697
"2024-06-02 03:00:00",515,13.34,673.3812,4011.51,0.6272878,-302.1582
"2024-06-02 04:00:00",516,13.33,715.1078,3959.301,0.6273802,-310.7913
"2024-06-02 05:00:00",517,13.31,719.4243,3946.968,0.6385949,-325.1798
"2024-06-02 06:00:00",518,13.31,746.7625,3970.4,0.6072412,-342.446
"2024-06-02 07:00:00",519,13.3,696.4027,3995.478,0.6353234,-365.4676
"2024-06-02 08:00:00",520,13.3,680.5754,4078.931,0.6320516,-388.4891
"2024-06-02 09:00:00",521,13.3,661.8704,4305.447,0.6287231,-440.2877
"2024-06-02 10:00:00",522,13.32,661.8704,4491.264,0.6961407,-405.7553
"2024-06-02 11:00:00",523,13.32,641.6268,4505.363,0.6473282,-287.725
"2024-06-02 12:00:00",524,13.34,640.1502,4777.597,0.6584672,-218.658
"2024-06-02 13:00:00",525,13.36,655.6828,4957.472,0.6654557,-112.1563
"2024-06-02 14:00:00",526,13.39,661.4175,4895.312,0.6597289,-48.88738
"2024-06-02 15:00:00",527,13.38,644.1852,4814.134,0.6441972,-48.88905
"2024-06-02 16:00:00",528,13.41,652.7949,4833.723,0.6507373,-48.88772
"2024-06-02 17:00:00",529,13.4,674.3866,4746.384,0.6510098,-54.64113
"2024-06-02 18:00:00",530,13.42,657.111,4740.895,0.6392921,-71.89398
"2024-06-02 19:00:00",531,13.41,675.8501,4666.858,0.6360221,-66.14703
"2024-06-02 20:00:00",532,13.38,675.9482,4494.131,0.6180368,-112.1786
"2024-06-02 21:00:00",533,13.34,706.2823,4365.511,0.6208329,-163.9841
"2024-06-02 22:00:00",534,13.33,684.8724,4310.257,0.6465087,-204.3107
"2024-06-02 23:00:00",535,13.31,700.7193,4244.604,0.6138037,-233.0935
"2024-06-03 00:00:00",536,13.31,658.9927,4149.229,0.6069899,-250.3597
"2024-06-03 01:00:00",537,13.3,735.2516,4097.019,0.6225744,-273.3812
"2024-06-03 02:00:00",538,13.3,745.3236,4066.187,0.6226359,-284.892
"2024-06-03 03:00:00",539,13.3,748.2013,4044.809,0.6043897,-302.1582
"2024-06-03 04:00:00",540,13.3,736.6905,4112.641,0.6354837,-319.4244
"2024-06-03 05:00:00",541,13.29,684.892,4099.897,0.62811,-325.1798
"2024-06-03 06:00:00",542,13.3,779.856,4018.499,0.6338779,-330.9352
"2024-06-03 07:00:00",543,13.29,742.4459,3976.978,0.6363998,-336.6906
"2024-06-03 08:00:00",544,13.3,787.0502,4054.676,0.6285073,-345.3237
"2024-06-03 09:00:00",545,13.3,627.338,4278.314,0.6388029,-348.2014
"2024-06-03 10:00:00",546,13.31,637.4099,4480.164,0.645718,-313.669
"2024-06-03 11:00:00",547,13.3,630.0433,4647.033,0.6410595,-210.0145
"2024-06-03 12:00:00",548,13.32,644.3128,4861.932,0.6540197,-123.685
"2024-06-03 13:00:00",549,13.33,710.3056,5628.628,0.7275351,2.875731
"2024-06-03 14:00:00",550,13.35,737.6243,5659.434,0.6899467,77.64466
"2024-06-03 15:00:00",551,13.41,730.4349,5459.365,0.6624489,146.6621
"2024-06-03 16:00:00",552,13.44,701.6777,5341.46,0.6692676,221.4311
"2024-06-03 17:00:00",553,13.42,701.7598,5177.738,0.6396142,209.9527
"2024-06-03 18:00:00",554,13.44,690.2181,4962.176,0.653474,77.64954
"2024-06-03 19:00:00",555,13.42,695.9905,4824.274,0.6477408,25.88394
"2024-06-03 20:00:00",556,13.38,697.467,4647.863,0.6392932,-37.38998
"2024-06-03 21:00:00",557,13.36,684.6486,4485.147,0.6412007,-89.17691
"2024-06-03 22:00:00",558,13.33,684.7703,4331.81,0.6328626,-117.9646
"2024-06-03 23:00:00",559,13.32,765.4665,4273.375,0.634245,-152.5178
"2024-06-04 00:00:00",560,13.31,774.1005,4265.57,0.6391509,-189.928
"2024-06-04 01:00:00",561,13.31,745.3236,4276.669,0.6448811,-221.5827
"2024-06-04 02:00:00",562,13.3,736.6905,4227.749,0.6429893,-250.3597
"2024-06-04 03:00:00",563,13.31,729.4963,4176.361,0.6454863,-264.7481
"2024-06-04 04:00:00",564,13.3,713.6689,4127.44,0.6414501,-284.892
"2024-06-04 05:00:00",565,13.3,748.2013,4104.419,0.6474591,-302.1582
"2024-06-04 06:00:00",566,13.3,794.2444,4073.175,0.6210244,-319.4244
"2024-06-04 07:00:00",567,13.3,787.0502,4076.464,0.6360713,-336.6906
"2024-06-04 08:00:00",568,13.3,710.7912,4154.162,0.6287326,-353.9568
"2024-06-04 09:00:00",569,13.3,644.6042,4339.979,0.6387321,-376.9783
"2024-06-04 10:00:00",570,13.3,638.8488,4524.563,0.6399745,-353.9568
"2024-06-04 11:00:00",571,13.31,632.8961,4686.308,0.6484127,-296.3104
"2024-06-04 12:00:00",572,13.32,673.0406,4903.171,0.6491132,-158.1933
"2024-06-04 13:00:00",573,13.34,667.1691,4992.266,0.6665287,-54.63885
"2024-06-04 14:00:00",574,13.35,741.9379,5689.012,0.7174941,34.50874
"2024-06-04 15:00:00",575,13.43,766.3815,5859.502,0.6927029,221.4311
"2024-06-04 16:00:00",576,13.45,733.4158,5551.363,0.6499479,336.5084
"2024-06-04 17:00:00",577,13.49,727.6195,5405.995,0.6996542,290.4726
"2024-06-04 18:00:00",578,13.55,713.3008,5036.66,0.6511431,146.6869
"2024-06-04 19:00:00",579,13.52,701.8222,4771.406,0.6472313,66.15537
"2024-06-04 20:00:00",580,13.46,693.1214,4611.086,0.6439258,-2.876022
"2024-06-04 21:00:00",581,13.41,724.911,4483.025,0.6428358,-60.40925
"2024-06-04 22:00:00",582,13.38,710.6285,4394.882,0.6454086,-106.4504
"2024-06-04 23:00:00",583,13.36,699.221,4382.361,0.6429666,-146.7501
"2024-06-05 00:00:00",584,13.33,717.9769,4315.673,0.6323372,-175.5374
"2024-06-05 01:00:00",585,13.32,736.6905,4262.692,0.6227978,-198.5611
"2024-06-05 02:00:00",586,13.31,739.5682,4211.305,0.6467939,-215.8273
"2024-06-05 03:00:00",587,13.31,771.2228,4194.861,0.6413849,-233.0935
"2024-06-05 04:00:00",588,13.3,797.1221,4173.483,0.6362563,-256.1151
"2024-06-05 05:00:00",589,13.31,805.7552,4124.152,0.6338292,-267.6259
"2024-06-05 06:00:00",590,13.3,729.4963,4109.352,0.6283706,-290.6474
"2024-06-05 07:00:00",591,13.3,742.4459,4147.173,0.6441888,-307.9136
"2024-06-05 08:00:00",592,13.3,666.1869,4240.082,0.6343753,-322.3021
"2024-06-05 09:00:00",593,13.31,682.0142,4416.032,0.6364669,-353.9568
"2024-06-05 10:00:00",594,13.31,627.3071,4604.5,0.6465108,-333.7964
"2024-06-05 11:00:00",595,13.31,647.2608,4764.251,0.6540986,-267.5345
"2024-06-05 12:00:00",596,13.32,661.4333,5020.731,0.6578253,-94.90129
"2024-06-05 13:00:00",597,13.34,741.9379,5677.509,0.7193925,66.14175
"2024-06-05 14:00:00",598,13.34,720.3799,5506.275,0.7270385,135.1611
"2024-06-05 15:00:00",599,13.36,690.1767,5235.895,0.6504648,129.4081
"2024-06-05 16:00:00",600,13.4,724.7074,5366.286,0.6616375,232.9417
"2024-06-05 17:00:00",601,13.36,621.2526,4360.274,0.6583725,123.6753
"2024-06-05 18:00:00",602,13.34,647.4116,4228.112,0.6633747,37.406
"2024-06-05 19:00:00",603,13.34,654.6761,4307.091,0.6443557,-54.67624
"2024-06-05 20:00:00",604,13.33,696.4027,4376.156,0.6372588,-117.9856
"2024-06-05 21:00:00",605,13.31,709.3524,4315.313,0.6266151,-155.3956
"2024-06-05 22:00:00",606,13.31,837.4099,4244.604,0.637,-181.2949
"2024-06-05 23:00:00",607,13.3,817.266,4215.004,0.6585779,-210.0719
"2024-06-06 00:00:00",608,13.3,730.9351,4168.139,0.653985,-233.0935
"2024-06-06 01:00:00",609,13.3,811.5106,4120.041,0.636556,-244.6043
"2024-06-06 02:00:00",610,13.3,794.2444,4117.163,0.630563,-258.9927
"2024-06-06 03:00:00",611,13.29,932.3739,4085.508,0.6447574,-273.3812
"2024-06-06 04:00:00",612,13.3,863.3091,4080.575,0.6505204,-282.0143
"2024-06-06 05:00:00",613,13.29,869.0646,4062.487,0.6309448,-290.6474
"2024-06-06 06:00:00",614,13.3,905.0358,4094.964,0.6426789,-296.4028
"2024-06-06 07:00:00",615,13.29,874.8199,4078.108,0.6274037,-302.1582
"2024-06-06 08:00:00",616,13.3,994.2444,4174.717,0.6413071,-302.1582
"2024-06-06 09:00:00",617,13.3,720.8632,4330.935,0.6471937,-313.669
"2024-06-06 10:00:00",618,13.31,617.2661,4487.563,0.6348002,-210.0719
"2024-06-06 11:00:00",619,13.3,654.5363,4599.223,0.654687,-140.9771
"2024-06-06 12:00:00",620,13.31,632.8474,4788.683,0.6586545,-48.90184
"2024-06-06 13:00:00",621,13.32,718.9442,5518.616,0.7253984,77.64597
"2024-06-06 14:00:00",622,13.35,775.0087,5823.35,0.7120445,181.1709
"2024-06-06 15:00:00",623,13.41,790.8253,5884.973,0.6793503,296.2
"2024-06-06 16:00:00",624,13.42,724.7852,5433.834,0.6692761,307.7461
"2024-06-06 17:00:00",625,13.4,778.0317,5535.593,0.6876296,307.7612
"2024-06-06 18:00:00",626,13.41,757.8194,5062.949,0.653309,192.6903
"2024-06-06 19:00:00",627,13.38,811.1032,4907.298,0.6532171,112.1738
"2024-06-06 20:00:00",628,13.36,747.8107,4760.925,0.6461058,34.51434
"2024-06-06 21:00:00",629,13.33,759.3098,4581.745,0.6327531,-20.13321
"2024-06-06 22:00:00",630,13.32,801.2162,4455.905,0.6475105,-60.41486
"2024-06-06 23:00:00",631,13.31,830.1098,4387.929,0.6405104,-94.9519
"2024-06-07 00:00:00",632,13.31,853.232,4344.885,0.6476,-129.4956
"2024-06-07 01:00:00",633,13.3,788.489,4327.235,0.6492352,-152.518
"2024-06-07 02:00:00",634,13.3,775.5394,4301.335,0.6298922,-175.5395
"2024-06-07 03:00:00",635,13.3,837.4099,4245.837,0.6629058,-187.0503
"2024-06-07 04:00:00",636,13.3,883.4531,4233.504,0.6389232,-204.3165
"2024-06-07 05:00:00",637,13.3,942.4459,4304.625,0.6435716,-221.5827
"2024-06-07 06:00:00",638,13.3,843.1653,4326.413,0.6383417,-238.8489
"2024-06-07 07:00:00",639,13.3,889.2084,4342.856,0.6380619,-244.6043
"2024-06-07 08:00:00",640,13.3,801.4387,4424.254,0.6514185,-244.6043
"2024-06-07 09:00:00",641,13.3,700.7193,4530.318,0.6375163,-244.6043
"2024-06-07 10:00:00",642,13.31,678.9531,4725.958,0.6511429,-227.2767
"2024-06-07 11:00:00",643,13.31,677.3903,4823.709,0.6507497,-158.2015
"2024-06-07 12:00:00",644,13.32,695.9269,5068.682,0.6752638,8.627193
"2024-06-07 13:00:00",645,13.32,750.5651,5733.792,0.7352148,112.1534
"2024-06-07 14:00:00",646,13.35,799.4524,5882.918,0.7139595,204.1767
"2024-06-07 15:00:00",647,13.4,782.1981,5822.118,0.6831664,273.1942
"2024-06-07 16:00:00",648,13.42,767.9393,5578.551,0.694142,330.7604
"2024-06-07 17:00:00",649,13.41,756.3547,5683.548,0.6773072,324.9737
"2024-06-07 18:00:00",650,13.4,741.9839,5171.292,0.6794884,221.4448
"2024-06-07 19:00:00",651,13.39,742.0025,5010.366,0.6691278,117.9151
"2024-06-07 20:00:00",652,13.35,762.2378,4826.137,0.6597607,66.15649
"2024-06-07 21:00:00",653,13.34,805.3182,4684.405,0.6433808,28.76137
"2024-06-07 22:00:00",654,13.32,770.8227,4604.392,0.6717249,-14.38102
"2024-06-07 23:00:00",655,13.32,740.7748,4532.597,0.6388325,-51.78232
"2024-06-08 00:00:00",656,13.31,746.6064,4500.189,0.6413266,-117.9609
"2024-06-08 01:00:00",657,13.31,771.119,4458.186,0.6511431,-140.9882
"2024-06-08 02:00:00",658,13.3,775.527,4425.828,0.6492352,-158.2708
"2024-06-08 03:00:00",659,13.31,840.2872,4374.509,0.6426941,-175.5394
"2024-06-08 04:00:00",660,13.3,846.043,4336.279,0.6595922,-189.928
"2024-06-08 05:00:00",661,13.3,869.0646,4283.247,0.6386139,-204.3165
"2024-06-08 06:00:00",662,13.3,919.4243,4263.104,0.6381001,-187.0503
"2024-06-08 07:00:00",663,13.3,874.8199,4235.56,0.6364955,-192.8057
"2024-06-08 08:00:00",664,13.3,802.8775,4335.457,0.6471385,-212.9496
"2024-06-08 09:00:00",665,13.3,667.6257,4517.163,0.6536068,-279.1366
"2024-06-08 10:00:00",666,13.3,684.7748,4608.461,0.6478733,-267.5801
"2024-06-08 11:00:00",667,13.31,676.0483,4755.353,0.6511217,-204.2529
"2024-06-08 12:00:00",668,13.31,685.8756,5011.268,0.6679094,-106.4042
"2024-06-08 13:00:00",669,13.32,772.133,5760.906,0.7409375,106.4019
"2024-06-08 14:00:00",670,13.33,770.6951,5765.425,0.6981542,198.4252
"2024-06-08 15:00:00",671,13.43,834.036,6054.773,0.6913416,365.2503
"2024-06-08 16:00:00",672,13.42,787.9863,5729.541,0.6960989,434.2552
"2024-06-08 17:00:00",673,13.42,801.0376,5669.514,0.7236416,371.0372
"2024-06-08 18:00:00",674,13.44,770.8347,5252.853,0.6538686,290.5011
"2024-06-08 19:00:00",675,13.41,749.1963,5013.268,0.6745825,192.6916
"2024-06-08 20:00:00",676,13.37,744.8557,4872.992,0.6568571,100.6562
"2024-06-08 21:00:00",677,13.35,764.949,4711.708,0.6436815,54.63921
"2024-06-08 22:00:00",678,13.32,822.5882,4615.862,0.6483092,11.50473
"2024-06-08 23:00:00",679,13.32,802.6013,4523.828,0.6628374,-25.89037
"2024-06-09 00:00:00",680,13.31,775.3979,4472.77,0.6285213,-54.66627
"2024-06-09 01:00:00",681,13.31,820.1041,4400.609,0.660955,-77.69407
"2024-06-09 02:00:00",682,13.3,820.1437,4351.079,0.6462372,-100.7194
"2024-06-09 03:00:00",683,13.3,785.6113,4297.225,0.667503,-123.741
"2024-06-09 04:00:00",684,13.3,710.7912,4306.269,0.6372873,-146.7626
"2024-06-09 05:00:00",685,13.3,725.1797,4251.592,0.6468557,-164.0287
"2024-06-09 06:00:00",686,13.3,814.3883,4177.595,0.6406321,-181.2949
"2024-06-09 07:00:00",687,13.3,782.7336,4157.451,0.651817,-192.8057
"2024-06-09 08:00:00",688,13.3,689.2085,4279.958,0.6371013,-221.5827
"2024-06-09 09:00:00",689,13.3,674.82,4474.409,0.6588728,-261.8705
"2024-06-09 10:00:00",690,13.31,689.2008,4636.741,0.6694068,-273.3782
"2024-06-09 11:00:00",691,13.3,676.0858,4822.198,0.6500173,-192.7564
"2024-06-09 12:00:00",692,13.31,724.6909,5119.67,0.6638204,-20.1303
"2024-06-09 13:00:00",693,13.32,772.1365,5840.219,0.7270397,201.3019
"2024-06-09 14:00:00",694,13.34,842.647,6062.457,0.772003,313.4762
"2024-06-09 15:00:00",695,13.43,883.0699,6053.693,0.6870241,394.0735
"2024-06-09 16:00:00",696,13.47,816.7947,5787.82,0.7012905,468.7941
"2024-06-09 17:00:00",697,13.51,854.3826,5904.652,0.7029289,468.9036
"2024-06-09 18:00:00",698,13.62,765.1987,5281.597,0.6236693,313.5589
"2024-06-09 19:00:00",699,13.57,768.0256,5017.028,0.6416866,198.4785
"2024-06-09 20:00:00",700,13.52,736.2451,4811.066,0.6173775,106.4104
"2024-06-09 21:00:00",701,13.46,736.2899,4608.386,0.6162511,48.89425
"2024-06-09 22:00:00",702,13.41,825.6709,4472.761,0.6271632,2.876902
"2024-06-09 23:00:00",703,13.37,799.9224,4423.826,0.6429673,-43.16128
"2024-06-10 00:00:00",704,13.35,752.5168,4343.262,0.6601672,-77.69772
"2024-06-10 01:00:00",705,13.32,745.3236,4309.558,0.6659259,-112.2302
"2024-06-10 02:00:00",706,13.33,716.5466,4230.626,0.6634886,-135.2518
"2024-06-10 03:00:00",707,13.31,765.4675,4164.439,0.6567258,-146.7626
"2024-06-10 04:00:00",708,13.31,753.9567,4108.53,0.6466422,-164.0287
"2024-06-10 05:00:00",709,13.3,730.9351,4080.575,0.6595097,-175.5395
"2024-06-10 06:00:00",710,13.3,799.9998,4039.876,0.6486775,-192.8057
"2024-06-10 07:00:00",711,13.3,831.6545,4033.71,0.631779,-210.0719
"2024-06-10 08:00:00",712,13.3,725.1797,4147.584,0.6535905,-247.482
"2024-06-10 09:00:00",713,13.3,660.4315,4453.031,0.656784,-313.669
"2024-06-10 10:00:00",714,13.32,651.7984,4653.648,0.6585197,-302.1582
"2024-06-10 11:00:00",715,13.31,657.3661,4773.559,0.6563224,-192.7507
"2024-06-10 12:00:00",716,13.32,696.0743,5039.349,0.666849,-100.6719
"2024-06-10 13:00:00",717,13.33,753.5174,5600.845,0.7155948,163.9332
"2024-06-10 14:00:00",718,13.36,816.7925,5918.048,0.7390299,278.9749
"2024-06-10 15:00:00",719,13.42,844.1794,6053.275,0.7409591,399.7988
"2024-06-10 16:00:00",720,13.6,788.0142,5675.511,0.706468,422.7668
"2024-06-10 17:00:00",721,13.98,827.0477,5811.32,0.657426,440.1332
"2024-06-10 18:00:00",722,14.02,765.2048,5254.106,0.6321338,313.5614
"2024-06-10 19:00:00",723,13.9,730.5764,4996.93,0.6342891,215.7214
"2024-06-10 20:00:00",724,13.78,710.3574,4818.434,0.6220328,117.9136
"2024-06-10 21:00:00",725,13.67,719.0278,4633.826,0.6097159,60.39833
"2024-06-10 22:00:00",726,13.57,788.3938,4498.12,0.6451488,20.14145
"2024-06-10 23:00:00",727,13.51,748.1979,4418.479,0.6525066,-20.14379
"2024-06-11 00:00:00",728,13.45,730.9349,4360.122,0.6421664,-60.43162
"2024-06-11 01:00:00",729,13.41,765.4675,4289.002,0.6427537,-83.45322
"2024-06-11 02:00:00",730,13.37,768.3452,4272.147,0.65263,-103.5971
"2024-06-11 03:00:00",731,13.35,729.4963,4251.592,0.6395547,-129.4964
"2024-06-11 04:00:00",732,13.33,725.1797,4262.692,0.665724,-152.518
"2024-06-11 05:00:00",733,13.32,733.8128,4263.925,0.6580865,-175.5395
"2024-06-11 06:00:00",734,13.31,764.0286,4229.393,0.6561831,-189.928
"2024-06-11 07:00:00",735,13.31,794.2444,4178.417,0.6698129,-198.5611
"2024-06-11 08:00:00",736,13.3,785.6113,4272.147,0.6510038,-204.3165
"2024-06-11 09:00:00",737,13.31,651.7984,4496.197,0.6444538,-238.8489
"2024-06-11 10:00:00",738,13.31,650.3259,4704.381,0.6595975,-210.061
"2024-06-11 11:00:00",739,13.32,687.5455,4840.354,0.6470357,-146.7147
"2024-06-11 12:00:00",740,13.32,673.0522,5047.481,0.6684597,-57.52583
"2024-06-11 13:00:00",741,13.34,747.7626,5573.297,0.7289472,163.9326
"2024-06-11 14:00:00",742,13.36,816.7557,5982.695,0.7382124,324.9767
"2024-06-11 15:00:00",743,13.46,831.2352,5968.623,0.7254775,411.3033
"2024-06-11 16:00:00",744,14.07,818.2608,5760.49,0.6753988,468.8102
"2024-06-11 17:00:00",745,14.23,811.2322,5855.75,0.6533564,463.1503
"2024-06-11 18:00:00",746,13.98,769.4941,5185.713,0.6414577,296.2912
"2024-06-11 19:00:00",747,13.9,721.9509,4970.655,0.6398012,186.9594
"2024-06-11 20:00:00",748,13.78,687.4054,4815.125,0.6297232,106.4184
"2024-06-11 21:00:00",749,13.67,673.2075,4637.241,0.6424873,48.90823
"2024-06-11 22:00:00",750,13.57,651.7519,4601.521,0.6359112,8.632475
"2024-06-11 23:00:00",751,13.5,667.6252,4517.571,0.6457207,-31.65465
"2024-06-12 00:00:00",752,13.45,684.892,4437.821,0.65336,-60.43164
"2024-06-12 01:00:00",753,13.41,719.4243,4354.367,0.6585848,-83.45322
"2024-06-12 02:00:00",754,13.37,759.7121,4304.625,0.6349046,-100.7194
"2024-06-12 03:00:00",755,13.35,823.0214,4281.603,0.6744443,-123.741
"2024-06-12 04:00:00",756,13.33,840.2876,4239.67,0.664361,-143.8849
"2024-06-12 05:00:00",757,13.32,857.5538,4233.915,0.6520941,-164.0287
"2024-06-12 06:00:00",758,13.3,863.3091,4252.826,0.6335576,-175.5395
"2024-06-12 07:00:00",759,13.31,892.0861,4242.137,0.6741745,-192.8057
"2024-06-12 08:00:00",760,13.3,676.2589,4384.378,0.6572735,-184.1726
"2024-06-12 09:00:00",761,13.31,654.6761,4525.796,0.6515236,-181.2949
"2024-06-12 10:00:00",762,13.31,719.4243,4653.648,0.6563321,-158.2733
"2024-06-12 11:00:00",763,13.33,667.4603,4808.262,0.6565949,-112.2024
"2024-06-12 12:00:00",764,13.33,678.9152,4977.616,0.6684923,-43.15139
"2024-06-12 13:00:00",765,13.34,721.8817,5270.928,0.6899794,31.63625
"2024-06-12 14:00:00",766,13.36,782.331,5775.855,0.7109619,212.8401
"2024-06-12 15:00:00",767,13.41,764.9881,5602.244,0.6790789,330.7279
"2024-06-12 16:00:00",768,13.4,710.3227,5083.183,0.6521825,267.4494
"2024-06-12 17:00:00",769,13.43,723.3099,5442.595,0.6753222,186.9389
"2024-06-12 18:00:00",770,13.43,695.9609,5015.11,0.6447601,238.6973
"2024-06-12 19:00:00",771,13.4,713.2209,4821.637,0.6256878,135.1669
"2024-06-12 20:00:00",772,13.38,707.6653,4700.509,0.6412961,71.91721
"2024-06-12 21:00:00",773,13.34,717.9211,4607.192,0.6290624,25.89696
"2024-06-12 22:00:00",774,13.33,736.6353,4540.255,0.6587746,-11.50993
"2024-06-12 23:00:00",775,13.32,730.9333,4467.82,0.648424,-37.40997
"2024-06-13 00:00:00",776,13.31,726.6185,4388.9,0.6312687,-54.67625
"2024-06-13 01:00:00",777,13.3,726.6185,4337.512,0.6542127,-71.94243
"2024-06-13 02:00:00",778,13.31,759.7121,4296.813,0.6449832,-89.20861
"2024-06-13 03:00:00",779,13.3,817.266,4305.857,0.6488181,-100.7194
"2024-06-13 04:00:00",780,13.3,788.489,4242.548,0.636824,-112.2302
"2024-06-13 05:00:00",781,13.3,799.9998,4326.824,0.6651788,-123.741
"2024-06-13 06:00:00",782,13.3,837.4099,4387.255,0.6635432,-117.9856
"2024-06-13 07:00:00",783,13.3,776.9783,4363,0.6403629,-120.8633
"2024-06-13 08:00:00",784,13.3,702.1581,4425.899,0.6447178,-126.6187
"2024-06-13 09:00:00",785,13.3,680.5754,4561.562,0.6394731,-129.4964
"2024-06-13 10:00:00",786,13.31,661.8069,4730.07,0.6579583,-94.9549
"2024-06-13 11:00:00",787,13.31,680.3668,4866.339,0.6565539,-25.89134
"2024-06-13 12:00:00",788,13.32,678.7762,5009.467,0.699519,43.14255
"2024-06-13 13:00:00",789,13.33,759.2372,5669.629,0.713687,227.196
"2024-06-13 14:00:00",790,13.35,783.7055,5738.82,0.7245871,347.994
"2024-06-13 15:00:00",791,13.4,828.2784,6026.383,0.7112652,434.271
"2024-06-13 16:00:00",792,13.46,779.4127,5625.576,0.6922956,448.6656
"2024-06-13 17:00:00",793,13.5,747.9091,5453.572,0.6770692,428.6094
"2024-06-13 18:00:00",794,13.6,733.511,5161.289,0.6654269,319.2931
"2024-06-13 19:00:00",795,13.56,770.8215,5016.093,0.6582772,227.2198
"2024-06-13 20:00:00",796,13.5,724.7402,4822.974,0.6338021,140.9217
"2024-06-13 21:00:00",797,13.44,701.9533,4688.045,0.6517505,83.42888
"2024-06-13 22:00:00",798,13.4,689.1494,4561.581,0.6389047,43.16175
"2024-06-13 23:00:00",799,13.37,707.8695,4486.462,0.6544226,14.38759
"2024-06-14 00:00:00",800,13.34,736.6902,4420.964,0.6528155,-14.38848
"2024-06-14 01:00:00",801,13.33,726.6185,4369.578,0.6708489,-37.41006
"2024-06-14 02:00:00",802,13.31,696.4027,4279.547,0.6499085,-57.55394
"2024-06-14 03:00:00",803,13.31,820.1437,4245.015,0.6567283,-77.69782
"2024-06-14 04:00:00",804,13.3,776.9783,4221.993,0.652912,-94.96401
"2024-06-14 05:00:00",805,13.31,833.0933,4191.983,0.6676322,-106.4748
"2024-06-14 06:00:00",806,13.3,877.6976,4164.028,0.6834826,-123.741
"2024-06-14 07:00:00",807,13.3,857.5538,4170.195,0.6496911,-143.8849
"2024-06-14 08:00:00",808,13.3,705.0358,4264.748,0.6529654,-158.2733
"2024-06-14 09:00:00",809,13.31,627.338,4492.497,0.6559132,-146.7626
"2024-06-14 10:00:00",810,13.31,648.9207,4718.19,0.6538895,-112.2302
"2024-06-14 11:00:00",811,13.32,650.1678,4822.42,0.6574125,-54.66013
"2024-06-14 12:00:00",812,13.32,673.0528,5039.267,0.6741962,34.51553
"2024-06-14 13:00:00",813,13.33,730.583,5549.637,0.716412,129.434
"2024-06-14 14:00:00",814,13.35,819.6964,5934.273,0.7393024,330.7547
"2024-06-14 15:00:00",815,13.38,790.8847,5746.138,0.6932696,428.5157
"2024-06-14 16:00:00",816,13.49,776.4883,5644.537,0.6882114,468.7689
"2024-06-14 17:00:00",817,13.56,756.5299,5585.007,0.6921201,382.5797
"2024-06-14 18:00:00",818,13.67,713.2982,5138.542,0.6580432,302.0013
"2024-06-14 19:00:00",819,13.63,716.1311,4953.343,0.6457682,221.4542
"2024-06-14 20:00:00",820,13.56,713.3366,4811.324,0.6406147,129.4361
"2024-06-14 21:00:00",821,13.49,732.1458,4664.527,0.63809,77.67361
"2024-06-14 22:00:00",822,13.43,742.3529,4548.659,0.6416259,34.52804
"2024-06-14 23:00:00",823,13.4,765.4666,4482.625,0.6489971,5.755388
"2024-06-15 00:00:00",824,13.36,738.1293,4378.622,0.658839,-20.14388
"2024-06-15 01:00:00",825,13.35,748.2013,4328.057,0.6406233,-43.16546
"2024-06-15 02:00:00",826,13.32,828.7768,4273.381,0.6758101,-60.43164
"2024-06-15 03:00:00",827,13.31,730.9351,4201.438,0.6807168,-77.69782
"2024-06-15 04:00:00",828,13.3,802.8775,4170.195,0.6698129,-89.20861
"2024-06-15 05:00:00",829,13.31,802.8775,4135.663,0.6526913,-106.4748
"2024-06-15 06:00:00",830,13.3,817.266,4122.096,0.6628521,-115.1079
"2024-06-15 07:00:00",831,13.3,857.5538,4121.274,0.651682,-126.6187
"2024-06-15 08:00:00",832,13.3,851.7984,4215.416,0.6653141,-146.7626
"2024-06-15 09:00:00",833,13.3,683.4531,4452.209,0.65243,-129.4964
"2024-06-15 10:00:00",834,13.3,647.4819,4667.625,0.6574598,-106.4748
"2024-06-15 11:00:00",835,13.31,674.6262,4852.048,0.651962,-48.9068
"2024-06-15 12:00:00",836,13.31,684.5289,5118.765,0.6632989,71.9043
"2024-06-15 13:00:00",837,13.33,793.8292,5913.453,0.7476282,290.4955
"2024-06-15 14:00:00",838,13.34,822.5266,5951.198,0.7766375,417.0152
"2024-06-15 15:00:00",839,13.43,878.5779,6061.921,0.7108051,500.4012
"2024-06-15 16:00:00",840,13.51,811.2241,5824.047,0.6937303,549.4461
"2024-06-15 17:00:00",841,13.82,816.9863,5686.027,0.689973,474.6575
"2024-06-15 18:00:00",842,13.99,749.3835,5306.712,0.6523668,376.8493
"2024-06-15 19:00:00",843,13.92,713.4268,5074.126,0.6452792,250.2747
"2024-06-15 20:00:00",844,13.79,663.1445,4810.315,0.6270152,175.4959
"2024-06-15 21:00:00",845,13.67,656.0938,4586.079,0.6174743,100.7161
"2024-06-15 22:00:00",846,13.58,696.4025,4496.606,0.6332502,46.04314
"2024-06-15 23:00:00",847,13.5,673.3812,4423.432,0.6433462,8.633092
"2024-06-16 00:00:00",848,13.45,742.4459,4365.878,0.6589026,-20.14388
"2024-06-16 01:00:00",849,13.4,794.2444,4293.114,0.649095,-43.16546
"2024-06-16 02:00:00",850,13.37,741.007,4265.981,0.664361,-66.18703
"2024-06-16 03:00:00",851,13.34,817.266,4228.571,0.6913481,-83.45322
"2024-06-16 04:00:00",852,13.33,817.266,4190.339,0.6526644,-100.7194
"2024-06-16 05:00:00",853,13.31,794.2444,4135.251,0.6576454,-117.9856
"2024-06-16 06:00:00",854,13.31,850.3596,4115.93,0.6754016,-135.2518
"2024-06-16 07:00:00",855,13.3,814.3883,4094.964,0.6489555,-152.518
"2024-06-16 08:00:00",856,13.3,905.0358,4183.35,0.6549537,-158.2733
"2024-06-16 09:00:00",857,13.3,670.5035,4468.653,0.6628023,-135.2518
"2024-06-16 10:00:00",858,13.31,676.2589,4661.459,0.6670161,-94.96401
"2024-06-16 11:00:00",859,13.31,667.4933,4852.068,0.6582311,-37.40264
"2024-06-16 12:00:00",860,13.32,684.6045,5070.019,0.675613,54.6533
"2024-06-16 13:00:00",861,13.33,766.4525,5757.331,0.738563,198.4436
"2024-06-16 14:00:00",862,13.34,739.1187,5334.474,0.7060568,296.2227
"2024-06-16 15:00:00",863,13.43,805.2124,5866.548,0.7055479,454.3699
"2024-06-16 16:00:00",864,13.59,773.7184,5668.32,0.6994436,491.8433
"2024-06-16 17:00:00",865,13.98,736.4337,5491.199,0.6599926,440.1342
"2024-06-16 18:00:00",866,13.94,696.1591,5092.976,0.6507311,290.5457
"2024-06-16 19:00:00",867,13.87,693.3246,4888.206,0.6400999,181.2425
"2024-06-16 20:00:00",868,13.75,691.9813,4749.125,0.6289234,112.2132
"2024-06-16 21:00:00",869,13.63,702.1318,4624.697,0.6226034,60.42937
"2024-06-16 22:00:00",870,13.56,726.6176,4556.211,0.6261368,25.89924
"2024-06-16 23:00:00",871,13.48,692.0862,4501.13,0.6340367,-2.877697
"2024-06-17 00:00:00",872,13.44,771.2228,4457.142,0.6430414,-20.14388
"2024-06-17 01:00:00",873,13.38,772.6617,4393.011,0.6294413,-37.41006
"2024-06-17 02:00:00",874,13.36,808.6329,4318.19,0.6643606,-54.67625
"2024-06-17 03:00:00",875,13.34,889.2084,4257.759,0.6526393,-66.18703
"2024-06-17 04:00:00",876,13.32,814.3883,4184.172,0.6580913,-77.69782
"2024-06-17 05:00:00",877,13.31,851.7984,4153.34,0.6401147,-89.20861
"2024-06-17 06:00:00",878,13.3,883.4531,4123.33,0.6614785,-94.96401
"2024-06-17 07:00:00",879,13.29,941.007,4094.141,0.6699491,-106.4748
"2024-06-17 08:00:00",880,13.3,880.5754,4231.449,0.6699491,-117.9856
"2024-06-17 09:00:00",881,13.31,656.115,4483.453,0.6545987,-83.45322
"2024-06-17 10:00:00",882,13.31,625.8992,4684.069,0.6615427,-60.43164
"2024-06-17 11:00:00",883,13.32,655.9268,4891.916,0.6576855,14.38436
"2024-06-17 12:00:00",884,13.32,655.8122,5062.41,0.6821128,100.6729
"2024-06-17 13:00:00",885,13.35,736.2472,5509.939,0.705512,227.2013
"2024-06-17 14:00:00",886,13.36,713.2256,5389.866,0.6899791,365.2405
"2024-06-17 15:00:00",887,13.43,756.3932,5722.047,0.693005,457.2871
"2024-06-17 16:00:00",888,13.73,747.7643,5557.286,0.6909633,480.2948
"2024-06-17 17:00:00",889,13.99,736.3997,5370.541,0.6498819,417.1014
"2024-06-17 18:00:00",890,13.98,681.696,5030.745,0.6338156,307.7699
"2024-06-17 19:00:00",891,13.93,688.8853,4849.522,0.6305583,215.7261
"2024-06-17 20:00:00",892,13.79,667.5328,4662.454,0.6231914,135.2329
"2024-06-17 21:00:00",893,13.67,676.2458,4508.032,0.6321561,77.69633
"2024-06-17 22:00:00",894,13.58,674.82,4417.677,0.6174456,34.53237
"2024-06-17 23:00:00",895,13.51,697.8416,4406.166,0.6171966,8.633092
"2024-06-18 00:00:00",896,13.45,709.3524,4317.369,0.6136574,-14.38849
"2024-06-18 01:00:00",897,13.41,690.6473,4244.193,0.6572735,-37.41006
"2024-06-18 02:00:00",898,13.36,755.3955,4201.438,0.6501859,-57.55394
"2024-06-18 03:00:00",899,13.35,725.1797,4197.738,0.6659992,-71.94243
"2024-06-18 04:00:00",900,13.33,746.7625,4161.15,0.6570364,-83.45322
"2024-06-18 05:00:00",901,13.31,811.5106,4117.574,0.6448377,-97.84171
"2024-06-18 06:00:00",902,13.3,869.0646,4070.709,0.6612243,-109.3525
"2024-06-18 07:00:00",903,13.3,788.489,4120.452,0.6544084,-117.9856
"2024-06-18 08:00:00",904,13.3,866.1869,4234.737,0.6557716,-135.2518
"2024-06-18 09:00:00",905,13.31,638.8488,4486.331,0.6597932,-94.96401
"2024-06-18 10:00:00",906,13.31,640.2877,4642.548,0.6392123,-71.94243
"2024-06-18 11:00:00",907,13.32,634.3972,4804.732,0.6677705,-8.631255
"2024-06-18 12:00:00",908,13.33,640.1417,4865.899,0.6603882,66.17195
"2024-06-18 13:00:00",909,13.34,696.0549,5215.482,0.6998503,117.9267
"2024-06-18 14:00:00",910,13.35,775.082,5738.443,0.7066032,215.7
"2024-06-18 15:00:00",911,13.4,720.4587,5387.315,0.6747188,350.8821
"2024-06-18 16:00:00",912,13.53,723.267,5397.08,0.6750817,416.9929
"2024-06-18 17:00:00",913,13.73,713.2229,5275.221,0.6656287,365.2392
"2024-06-18 18:00:00",914,13.78,661.5082,4908.309,0.6460304,267.4794
"2024-06-18 19:00:00",915,13.74,635.8272,4736.029,0.629679,175.4998
"2024-06-18 20:00:00",916,13.64,630.2142,4485.498,0.6228383,106.4745
"2024-06-18 21:00:00",917,13.56,641.7265,4476.464,0.624527,43.16546
"2024-06-18 22:00:00",918,13.49,653.2372,4430.01,0.6406046,14.38849
"2024-06-18 23:00:00",919,13.44,631.6545,4413.977,0.6398162,-14.38849
"2024-06-19 00:00:00",920,13.39,633.0934,4385.2,0.6430959,-31.65467
"2024-06-19 01:00:00",921,13.36,638.8488,4367.934,0.6499128,-48.92085
"2024-06-19 02:00:00",922,13.33,650.3596,4362.589,0.6458192,-60.43164
"2024-06-19 03:00:00",923,13.33,696.4027,4357.245,0.6504586,-71.94243
"2024-06-19 04:00:00",924,13.32,683.4531,4394.655,0.6373739,-66.18703
"2024-06-19 05:00:00",925,13.3,684.892,4394.655,0.6540023,-60.43164
"2024-06-19 06:00:00",926,13.31,680.5754,4354.778,0.6512612,-54.67625
"2024-06-19 07:00:00",927,13.3,661.8704,4314.491,0.6469142,-60.43164
"2024-06-19 08:00:00",928,13.31,693.525,4353.545,0.6496408,-66.18703
"2024-06-19 09:00:00",929,13.3,650.3596,4505.652,0.6624318,-71.94243
"2024-06-19 10:00:00",930,13.32,625.8992,4650.77,0.6481521,-43.16546
"2024-06-19 11:00:00",931,13.32,645.8315,4841.169,0.6685871,25.8908
"2024-06-19 12:00:00",932,13.34,661.6395,4968.461,0.6728526,94.93089
"2024-06-19 13:00:00",933,13.33,632.825,4793.444,0.6428532,117.9356
"2024-06-19 14:00:00",934,13.36,742.0979,5534.917,0.7014679,163.9519
"2024-06-19 15:00:00",935,13.44,769.3805,5679.651,0.7016971,396.9141
"2024-06-19 16:00:00",936,13.51,701.7017,5359.72,0.6617359,416.9948
"2024-06-19 17:00:00",937,13.55,658.5963,4863.671,0.6490588,267.4649
"2024-06-19 18:00:00",938,13.66,673.0919,4889.163,0.6345363,221.4875
"2024-06-19 19:00:00",939,13.61,621.407,4591.097,0.6138149,181.2437
"2024-06-19 20:00:00",940,13.56,638.8475,4532.776,0.6411275,97.84151
"2024-06-19 21:00:00",941,13.49,669.0643,4425.897,0.6321014,54.67622
"2024-06-19 22:00:00",942,13.44,656.115,4297.225,0.6498882,25.89927
"2024-06-19 23:00:00",943,13.39,679.1365,4268.448,0.63383,-2.877697
"2024-06-20 00:00:00",944,13.36,689.2085,4251.182,0.661635,-28.77697
"2024-06-20 01:00:00",945,13.34,641.7265,4205.549,0.6700855,-48.92085
"2024-06-20 02:00:00",946,13.33,661.8704,4249.126,0.6610898,-66.18703
"2024-06-20 03:00:00",947,13.31,647.4819,4265.57,0.6703675,-74.82013
"2024-06-20 04:00:00",948,13.31,696.4027,4297.225,0.6758121,-77.69782
"2024-06-20 05:00:00",949,13.3,692.0862,4263.925,0.6504593,-71.94243
"2024-06-20 06:00:00",950,13.3,736.6905,4273.792,0.66164,-66.18703
"2024-06-20 07:00:00",951,13.3,700.7193,4263.925,0.6763566,-71.94243
"2024-06-20 08:00:00",952,13.3,670.5035,4376.567,0.6616358,-77.69782
"2024-06-20 09:00:00",953,13.3,627.338,4484.686,0.6561583,-77.69782
"2024-06-20 10:00:00",954,13.31,615.8272,4629.393,0.6609764,-48.92085
"2024-06-20 11:00:00",955,13.31,655.9516,4778.666,0.6533243,20.13887
"2024-06-20 12:00:00",956,13.33,670.2385,4949.328,0.6687647,100.6796
"2024-06-20 13:00:00",957,13.33,730.5197,5462.875,0.6856193,198.4483
